36.0 1.0
37.0 0.9417418
38.0 0.2654132
39.0 0.2401379
40.0 0.2852536
41.0 0.283856
42.0 0.2291586
43.0 0.1602221
44.0 0.1135022
45.0 0.09557371
46.0 0.09394934
47.0 0.09317531
48.0 0.08501202
49.0 0.06970214
50.0 0.05240302
51.0 0.03819011
52.0 0.02876181
53.0 0.02301365
54.0 0.01890982
55.0 0.01513662
56.0 0.01149638
57.0 0.008643312
58.0 0.007053895
59.0 0.006392918
60.0 0.006126534
61.0 0.005988416
62.0 0.005875405
63.0 0.005783444
64.0 0.005680096
65.0 0.005558374
66.0 0.005379151
67.0 0.005155656
68.0 0.004884802
69.0 0.004599969
70.0 0.00430097
71.0 0.004011274
72.0 0.003721416
73.0 0.003449453
74.0 0.003182577
75.0 0.00294093
76.0 0.002713402
77.0 0.002517194
78.0 0.00233854
79.0 0.002194783
80.0 0.002070573
81.0 0.00198057
82.0 0.001907547
83.0 0.001862963
84.0 0.001829979
85.0 0.00182123
86.0 0.001818582
87.0 0.001835595
88.0 0.001853006
89.0 0.001883369
90.0 0.001908665
91.0 0.001943033
92.0 0.00196954
93.0 0.002001525
94.0 0.00202434
95.0 0.002052533
96.0 0.002069763
97.0 0.002092234
98.0 0.002103457
99.0 0.002118967
100.0 0.002123679
101.0 0.002133292
102.0 0.002131845
103.0 0.002135469
104.0 0.00212868
105.0 0.002127243
106.0 0.002115959
107.0 0.00211044
108.0 0.002094866
109.0 0.002085868
110.0 0.002067434
111.0 0.002055513
112.0 0.002034295
113.0 0.002020027
114.0 0.001996678
115.0 0.001980569
116.0 0.001955618
117.0 0.001938124
118.0 0.001911974
119.0 0.001893462
120.0 0.001866286
121.0 0.00184715
122.0 0.001819423
123.0 0.001799536
124.0 0.001771329
125.0 0.001751396
126.0 0.001723064
127.0 0.001703153
128.0 0.001674631
129.0 0.00165459
130.0 0.001626439
131.0 0.001606789
132.0 0.001578629
133.0 0.00155935
134.0 0.001531675
135.0 0.001512492
136.0 0.001485286
137.0 0.001466769
138.0 0.001439855
139.0 0.00142195
140.0 0.001395539
141.0 0.001377926
142.0 0.001352373
143.0 0.001335342
144.0 0.001309932
145.0 0.001293735
146.0 0.00126908
147.0 0.001253194
148.0 0.001229165
149.0 0.001213973
150.0 0.001190383
151.0 0.001175964
152.0 0.001153003
153.0 0.001138909
154.0 0.001116701
155.0 0.001103405
156.0 0.001081425
157.0 0.001069002
158.0 0.001047776
159.0 0.001035546
160.0 0.001014978
161.0 0.001003467
162.0 9.833213E-4
163.0 9.72486E-4
164.0 9.527968E-4
165.0 9.423043E-4
166.0 9.234445E-4
167.0 9.13582E-4
168.0 8.948127E-4
169.0 8.856207E-4
170.0 8.675894E-4
171.0 8.585706E-4
172.0 8.411412E-4
173.0 8.327296E-4
174.0 8.155244E-4
175.0 8.077547E-4
176.0 7.909814E-4
177.0 7.834729E-4
178.0 7.67381E-4
179.0 7.602815E-4
180.0 7.442704E-4
181.0 7.378325E-4
182.0 7.224851E-4
183.0 7.160759E-4
184.0 7.011092E-4
185.0 6.952704E-4
186.0 6.805639E-4
187.0 6.75218E-4
188.0 6.607987E-4
189.0 6.556103E-4
190.0 6.418409E-4
191.0 6.371075E-4
192.0 6.232724E-4
193.0 6.190428E-4
194.0 6.057636E-4
195.0 6.015798E-4
196.0 5.885516E-4
197.0 5.849088E-4
198.0 5.72089E-4
199.0 5.687397E-4
200.0 5.562754E-4
201.0 5.529499E-4
202.0 5.408913E-4
203.0 5.379859E-4
204.0 5.26106E-4
205.0 5.235625E-4
206.0 5.119409E-4
207.0 5.093927E-4
208.0 4.980217E-4
209.0 4.95988E-4
210.0 4.847618E-4
211.0 4.830978E-4
212.0 4.72046E-4
213.0 4.703177E-4
214.0 4.597028E-4
215.0 4.582515E-4
216.0 4.476211E-4
217.0 4.465771E-4
218.0 4.364901E-4
219.0 4.352126E-4
220.0 4.251055E-4
221.0 4.24312E-4
222.0 4.144177E-4
223.0 4.138874E-4
224.0 4.040706E-4
225.0 4.035988E-4
226.0 3.941091E-4
227.0 3.938534E-4
228.0 3.84288E-4
229.0 3.843328E-4
230.0 3.7515E-4
231.0 3.750756E-4
232.0 3.660817E-4
233.0 3.662497E-4
234.0 3.572563E-4
235.0 3.577388E-4
236.0 3.489316E-4
237.0 3.492804E-4
238.0 3.407445E-4
239.0 3.414634E-4
240.0 3.328054E-4
241.0 3.33689E-4
242.0 3.253337E-4
243.0 3.260448E-4
244.0 3.177927E-4
245.0 3.188902E-4
246.0 3.107565E-4
247.0 3.119515E-4
248.0 3.038056E-4
249.0 3.049793E-4
250.0 2.97126E-4
251.0 2.984493E-4
252.0 2.904728E-4
253.0 2.921925E-4
254.0 2.845095E-4
255.0 2.858276E-4
256.0 2.781911E-4
257.0 2.798621E-4
258.0 2.723209E-4
259.0 2.741566E-4
260.0 2.667001E-4
261.0 2.6835E-4
262.0 2.610652E-4
263.0 2.630118E-4
264.0 2.55538E-4
265.0 2.575859E-4
266.0 2.505784E-4
267.0 2.525793E-4
268.0 2.453383E-4
269.0 2.474691E-4
270.0 2.403395E-4
271.0 2.425786E-4
272.0 2.357081E-4
273.0 2.377998E-4
274.0 2.310371E-4
275.0 2.333078E-4
276.0 2.26314E-4
277.0 2.287545E-4
278.0 2.220301E-4
279.0 2.244494E-4
280.0 2.176484E-4
281.0 2.203392E-4
282.0 2.134973E-4
283.0 2.160824E-4
284.0 2.094096E-4
285.0 2.121162E-4
286.0 2.055501E-4
287.0 2.082031E-4
288.0 2.016107E-4
289.0 2.043764E-4
290.0 1.980288E-4
291.0 2.006403E-4
292.0 1.943084E-4
293.0 1.971273E-4
294.0 1.907159E-4
295.0 1.937058E-4
296.0 1.872638E-4
297.0 1.900898E-4
298.0 1.840001E-4
299.0 1.869713E-4
300.0 1.80503E-4
301.0 1.835871E-4
302.0 1.77562E-4
303.0 1.804725E-4
304.0 1.742458E-4
305.0 1.774703E-4
306.0 1.712063E-4
307.0 1.743557E-4
308.0 1.682704E-4
309.0 1.714188E-4
310.0 1.653868E-4
311.0 1.685662E-4
312.0 1.625273E-4
313.0 1.657494E-4
314.0 1.59802E-4
315.0 1.629224E-4
316.0 1.570508E-4
317.0 1.603933E-4
318.0 1.543342E-4
319.0 1.577968E-4
320.0 1.51784E-4
321.0 1.550928E-4
322.0 1.492771E-4
323.0 1.52752E-4
324.0 1.46679E-4
325.0 1.501576E-4
326.0 1.445794E-4
327.0 1.477855E-4
328.0 1.419492E-4
329.0 1.454579E-4
330.0 1.39715E-4
331.0 1.432566E-4
332.0 1.374113E-4
333.0 1.409418E-4
334.0 1.352547E-4
335.0 1.388319E-4
336.0 1.32931E-4
337.0 1.366695E-4
338.0 1.310207E-4
339.0 1.344485E-4
340.0 1.289494E-4
341.0 1.325113E-4
342.0 1.267731E-4
343.0 1.304486E-4
344.0 1.248891E-4
345.0 1.28467E-4
346.0 1.229172E-4
347.0 1.266859E-4
348.0 1.208844E-4
349.0 1.246963E-4
350.0 1.191912E-4
351.0 1.228507E-4
352.0 1.172541E-4
353.0 1.210101E-4
354.0 1.155828E-4
355.0 1.192849E-4
356.0 1.137047E-4
357.0 1.173908E-4
358.0 1.121019E-4
359.0 1.158921E-4
360.0 1.102026E-4
361.0 1.141795E-4
362.0 1.087489E-4
363.0 1.124018E-4
364.0 1.070157E-4
365.0 1.10957E-4
366.0 1.05398E-4
367.0 1.092704E-4
368.0 1.039218E-4
369.0 1.077035E-4
370.0 1.023513E-4
371.0 1.062182E-4
372.0 1.007696E-4
373.0 1.046921E-4
374.0 9.944801E-5
375.0 1.032819E-4
376.0 9.785262E-5
377.0 1.017921E-4
378.0 9.638165E-5
379.0 1.005164E-4
380.0 9.50569E-5
381.0 9.889182E-5
382.0 9.377777E-5
383.0 9.767914E-5
384.0 9.224577E-5
385.0 9.626618E-5
386.0 9.114611E-5
387.0 9.493112E-5
388.0 8.962775E-5
389.0 9.382713E-5
390.0 8.839612E-5
391.0 9.241306E-5
392.0 8.710931E-5
393.0 9.114589E-5
394.0 8.600065E-5
395.0 8.997759E-5
396.0 8.466723E-5
397.0 8.873016E-5
398.0 8.356737E-5
399.0 8.753172E-5
400.0 8.237756E-5
401.0 8.641426E-5
402.0 8.111943E-5
403.0 8.533912E-5
404.0 8.009799E-5
405.0 8.404293E-5
406.0 7.894174E-5
407.0 8.313153E-5
408.0 7.773401E-5
409.0 8.195569E-5
410.0 7.69428E-5
411.0 8.083704E-5
412.0 7.565083E-5
413.0 7.981012E-5
414.0 7.474757E-5
415.0 7.883056E-5
416.0 7.361333E-5
417.0 7.777186E-5
418.0 7.267746E-5
419.0 7.685899E-5
420.0 7.153286E-5
421.0 7.585582E-5
422.0 7.076768E-5
423.0 7.476562E-5
424.0 6.981424E-5
425.0 7.393177E-5
426.0 6.87273E-5
427.0 7.294631E-5
428.0 6.790806E-5
429.0 7.201561E-5
430.0 6.697437E-5
431.0 7.125975E-5
432.0 6.595383E-5
433.0 7.021495E-5
434.0 6.528453E-5
435.0 6.941344E-5
436.0 6.427822E-5
437.0 6.851356E-5
438.0 6.349111E-5
439.0 6.77543E-5
440.0 6.260359E-5
441.0 6.673757E-5
442.0 6.188917E-5
443.0 6.607015E-5
444.0 6.090373E-5
445.0 6.529808E-5
446.0 6.027883E-5
447.0 6.435948E-5
448.0 5.93287E-5
449.0 6.37808E-5
450.0 5.860372E-5
451.0 6.287534E-5
452.0 5.792063E-5
453.0 6.204589E-5
454.0 5.7172E-5
455.0 6.140971E-5
456.0 5.63281E-5
457.0 6.063319E-5
458.0 5.570192E-5
459.0 6.000364E-5
460.0 5.491548E-5
461.0 5.921215E-5
462.0 5.415563E-5
463.0 5.859314E-5
464.0 5.357258E-5
465.0 5.77382E-5
466.0 5.295371E-5
467.0 5.719896E-5
468.0 5.204111E-5
469.0 5.649145E-5
470.0 5.167677E-5
471.0 5.578213E-5
472.0 5.07979E-5
473.0 5.526456E-5
474.0 5.023909E-5
475.0 5.455265E-5
476.0 4.95458E-5
477.0 5.389327E-5
478.0 4.899214E-5
479.0 5.336628E-5
480.0 4.832994E-5
481.0 5.268124E-5
482.0 4.7807E-5
483.0 5.200716E-5
484.0 4.722893E-5
485.0 5.153157E-5
486.0 4.650412E-5
487.0 5.100464E-5
488.0 4.597888E-5
489.0 5.029189E-5
490.0 4.543718E-5
491.0 4.988732E-5
492.0 4.47514E-5
493.0 4.918165E-5
494.0 4.451854E-5
495.0 4.865226E-5
496.0 4.370849E-5
497.0 4.8123E-5
498.0 4.325152E-5
499.0 4.767762E-5
500.0 4.268272E-5
501.0 4.707683E-5
502.0 4.222049E-5
503.0 4.658627E-5
504.0 4.15866E-5
505.0 4.61256E-5
506.0 4.125728E-5
507.0 4.548731E-5
508.0 4.070501E-5
509.0 4.5143E-5
510.0 4.013906E-5
511.0 4.457138E-5
512.0 3.974998E-5
513.0 4.402009E-5
514.0 3.928468E-5
515.0 4.376465E-5
516.0 3.865792E-5
517.0 4.313027E-5
518.0 3.834886E-5
519.0 4.277793E-5
520.0 3.782392E-5
521.0 4.225293E-5
522.0 3.742847E-5
523.0 4.183497E-5
524.0 3.697164E-5
525.0 4.128148E-5
526.0 3.66146E-5
527.0 4.098865E-5
528.0 3.595382E-5
529.0 4.063089E-5
530.0 3.577609E-5
531.0 4.003332E-5
532.0 3.518425E-5
533.0 3.976307E-5
534.0 3.485743E-5
535.0 3.928867E-5
536.0 3.449977E-5
537.0 3.880193E-5
538.0 3.404417E-5
539.0 3.854857E-5
540.0 3.361614E-5
541.0 3.808228E-5
542.0 3.331764E-5
543.0 3.773074E-5
544.0 3.289921E-5
545.0 3.734048E-5
546.0 3.243531E-5
547.0 3.703515E-5
548.0 3.211664E-5
549.0 3.653471E-5
550.0 3.188579E-5
551.0 3.627818E-5
552.0 3.127365E-5
553.0 3.582185E-5
554.0 3.125087E-5
555.0 3.548751E-5
556.0 3.064178E-5
557.0 3.525757E-5
558.0 3.03214E-5
559.0 3.487447E-5
560.0 2.999054E-5
561.0 3.447236E-5
562.0 2.971226E-5
563.0 3.417175E-5
564.0 2.936687E-5
565.0 3.383701E-5
566.0 2.908922E-5
567.0 3.342629E-5
568.0 2.872554E-5
569.0 3.325568E-5
570.0 2.833957E-5
571.0 3.296266E-5
572.0 2.806649E-5
573.0 3.245321E-5
574.0 2.781891E-5
575.0 3.237675E-5
576.0 2.735654E-5
577.0 3.191287E-5
578.0 2.731673E-5
579.0 3.166725E-5
580.0 2.682448E-5
581.0 3.135111E-5
582.0 2.659912E-5
583.0 3.108862E-5
584.0 2.6304E-5
585.0 3.079562E-5
586.0 2.604513E-5
587.0 3.0527E-5
588.0 2.558467E-5
589.0 3.03308E-5
590.0 2.555409E-5
591.0 2.988671E-5
592.0 2.52147E-5
593.0 2.970672E-5
594.0 2.490424E-5
595.0 2.942498E-5
596.0 2.470058E-5
597.0 2.90777E-5
598.0 2.439089E-5
599.0 2.906915E-5
600.0 2.404538E-5
601.0 2.86116E-5
602.0 2.393194E-5
603.0 2.840654E-5
604.0 2.364557E-5
605.0 2.815457E-5
606.0 2.341895E-5
607.0 2.792427E-5
608.0 2.31015E-5
609.0 2.760138E-5
610.0 2.300955E-5
611.0 2.746939E-5
612.0 2.252854E-5
613.0 2.724332E-5
614.0 2.257388E-5
615.0 2.690342E-5
616.0 2.21357E-5
617.0 2.680589E-5
618.0 2.193352E-5
619.0 2.654753E-5
620.0 2.182656E-5
621.0 2.620728E-5
622.0 2.153644E-5
623.0 2.607137E-5
624.0 2.131733E-5
625.0 2.584865E-5
626.0 2.115846E-5
627.0 2.565585E-5
628.0 2.085059E-5
629.0 2.546751E-5
630.0 2.062335E-5
631.0 2.529485E-5
632.0 2.04565E-5
633.0 2.489828E-5
634.0 2.042113E-5
635.0 2.487197E-5
636.0 1.993532E-5
637.0 2.456124E-5
638.0 2.001025E-5
639.0 2.441625E-5
640.0 1.962546E-5
641.0 2.43068E-5
642.0 1.944474E-5
643.0 2.40155E-5
644.0 1.929752E-5
645.0 2.383197E-5
646.0 1.913406E-5
647.0 2.366554E-5
648.0 1.88751E-5
649.0 2.350895E-5
650.0 1.881054E-5
651.0 2.320755E-5
652.0 1.85757E-5
653.0 2.311811E-5
654.0 1.836258E-5
655.0 2.30329E-5
656.0 1.819352E-5
657.0 2.264725E-5
658.0 1.802235E-5
659.0 2.273873E-5
660.0 1.776275E-5
661.0 2.237378E-5
662.0 1.784126E-5
663.0 2.21987E-5
664.0 1.751145E-5
665.0 2.208021E-5
666.0 1.738016E-5
667.0 2.193138E-5
668.0 1.715119E-5
669.0 2.179646E-5
670.0 1.708543E-5
671.0 2.161739E-5
672.0 1.673412E-5
673.0 2.148267E-5
674.0 1.685693E-5
675.0 2.122711E-5
676.0 1.660249E-5
677.0 2.115154E-5
678.0 1.634884E-5
679.0 2.101858E-5
680.0 1.632921E-5
681.0 2.075184E-5
682.0 1.61197E-5
683.0 2.079599E-5
684.0 1.591888E-5
685.0 2.051842E-5
686.0 1.588203E-5
687.0 2.040959E-5
688.0 1.564442E-5
689.0 2.029847E-5
690.0 1.559391E-5
691.0 2.014069E-5
692.0 1.536864E-5
693.0 1.98626E-5
694.0 1.54136E-5
695.0 1.990288E-5
696.0 1.500147E-5
697.0 1.976533E-5
698.0 1.508785E-5
699.0 1.955859E-5
700.0 1.481822E-5
701.0 1.952627E-5
702.0 1.47011E-5
703.0 1.930561E-5
704.0 1.472396E-5
705.0 1.913049E-5
706.0 1.449558E-5
707.0 1.907616E-5
708.0 1.431071E-5
709.0 1.897985E-5
710.0 1.431364E-5
711.0 1.884549E-5
712.0 1.4084E-5
713.0 1.868809E-5
714.0 1.397997E-5
715.0 1.867406E-5
716.0 1.386851E-5
717.0 1.835269E-5
718.0 1.3861E-5
719.0 1.844642E-5
720.0 1.353066E-5
721.0 1.818789E-5
722.0 1.367763E-5
723.0 1.806769E-5
724.0 1.340984E-5
725.0 1.811069E-5
726.0 1.32783E-5
727.0 1.78884E-5
728.0 1.315284E-5
729.0 1.781892E-5
730.0 1.313895E-5
731.0 1.769884E-5
732.0 1.294626E-5
733.0 1.756126E-5
734.0 1.299308E-5
735.0 1.740685E-5
736.0 1.280186E-5
737.0 1.738089E-5
738.0 1.260514E-5
739.0 1.740438E-5
740.0 1.258022E-5
741.0 1.705929E-5
742.0 1.246934E-5
743.0 1.716416E-5
744.0 1.231571E-5
745.0 1.694086E-5
746.0 1.243272E-5
747.0 1.682424E-5
748.0 1.174937E-5
749.0 1.617506E-5
750.0 1.12897E-5
751.0 1.571831E-5
752.0 1.086408E-5
753.0 1.540767E-5
754.0 1.076598E-5
755.0 1.527064E-5
756.0 1.038354E-5
757.0 1.514804E-5
758.0 1.048916E-5
759.0 1.498126E-5
760.0 1.036938E-5
761.0 1.494493E-5
762.0 1.018066E-5
763.0 1.483374E-5
764.0 1.027791E-5
765.0 1.472143E-5
766.0 1.012111E-5
767.0 1.483917E-5
768.0 9.947382E-6
769.0 1.46816E-5
770.0 1.006656E-5
771.0 1.462604E-5
772.0 9.902563E-6
773.0 1.454172E-5
774.0 9.971452E-6
775.0 1.453907E-5
776.0 9.798295E-6
777.0 1.433321E-5
778.0 9.868392E-6
779.0 1.449101E-5
780.0 9.609393E-6
781.0 1.440334E-5
782.0 9.765463E-6
783.0 1.421906E-5
784.0 9.610548E-6
785.0 1.43368E-5
786.0 9.540172E-6
787.0 1.418277E-5
788.0 9.58235E-6
789.0 1.41192E-5
790.0 9.501045E-6
791.0 1.410872E-5
792.0 9.37999E-6
793.0 1.402906E-5
794.0 9.49187E-6
795.0 1.403914E-5
796.0 9.303372E-6
797.0 1.39428E-5
798.0 9.213228E-6
799.0 1.403493E-5
800.0 9.243406E-6
801.0 1.375205E-5
802.0 9.294278E-6
803.0 1.385683E-5
804.0 9.067348E-6
805.0 1.373728E-5
806.0 9.25008E-6
807.0 1.36728E-5
808.0 8.990877E-6
809.0 1.381665E-5
810.0 8.995676E-6
811.0 1.362757E-5
812.0 8.923386E-6
813.0 1.35641E-5
814.0 9.00787E-6
815.0 1.357796E-5
816.0 8.845892E-6
817.0 1.349097E-5
818.0 8.896123E-6
819.0 1.343241E-5
820.0 8.836401E-6
821.0 1.34348E-5
822.0 8.688094E-6
823.0 1.345958E-5
824.0 8.756783E-6
825.0 1.324372E-5
826.0 8.672019E-6
827.0 1.339467E-5
828.0 8.517386E-6
829.0 1.326282E-5
830.0 8.761376E-6
831.0 1.316998E-5
832.0 8.486685E-6
833.0 1.315185E-5
834.0 8.58371E-6
835.0 1.316377E-5
836.0 8.432342E-6
837.0 1.307925E-5
838.0 8.462149E-6
839.0 1.312376E-5
840.0 8.26704E-6
841.0 1.306221E-5
842.0 8.436004E-6
843.0 1.289823E-5
844.0 8.40113E-6
845.0 1.297465E-5
846.0 8.216491E-6
847.0 1.288372E-5
848.0 8.284184E-6
849.0 1.283241E-5
850.0 8.222698E-6
851.0 1.294144E-5
852.0 8.059642E-6
853.0 1.2747E-5
854.0 8.234034E-6
855.0 1.278202E-5
856.0 8.057342E-6
857.0 1.270486E-5
858.0 8.086199E-6
859.0 1.275456E-5
860.0 8.001042E-6
861.0 1.253368E-5
862.0 8.076261E-6
863.0 1.264965E-5
864.0 7.868035E-6
865.0 1.264858E-5
866.0 8.007796E-6
867.0 1.246833E-5
868.0 7.810182E-6
869.0 1.263616E-5
870.0 7.825888E-6
871.0 1.246545E-5
872.0 7.871745E-6
873.0 1.23588E-5
874.0 7.840141E-6
875.0 1.243395E-5
876.0 7.701923E-6
877.0 1.23575E-5
878.0 7.770236E-6
879.0 1.241672E-5
880.0 7.666782E-6
881.0 1.230261E-5
882.0 7.579243E-6
883.0 1.23506E-5
884.0 7.658036E-6
885.0 1.215228E-5
886.0 7.690687E-6
887.0 1.225925E-5
888.0 7.419228E-6
889.0 1.218798E-5
890.0 7.686225E-6
891.0 1.210506E-5
892.0 7.429019E-6
893.0 1.220413E-5
894.0 7.48181E-6
895.0 1.209902E-5
896.0 7.390748E-6
897.0 1.203717E-5
898.0 7.430089E-6
899.0 1.209865E-5
900.0 7.351709E-6
901.0 1.199249E-5
902.0 7.403154E-6
903.0 1.188843E-5
904.0 7.390724E-6
905.0 1.19741E-5
906.0 7.222943E-6
907.0 1.199981E-5
908.0 7.245828E-6
909.0 1.183098E-5
910.0 7.244109E-6
911.0 1.196221E-5
912.0 7.090193E-6
913.0 1.178434E-5
914.0 7.380971E-6
915.0 1.177427E-5
916.0 7.086272E-6
917.0 1.175652E-5
918.0 7.136951E-6
919.0 1.181493E-5
920.0 7.068029E-6
921.0 1.171009E-5
922.0 7.097921E-6
923.0 1.170797E-5
924.0 6.949014E-6
925.0 1.17286E-5
926.0 7.097407E-6
927.0 1.15645E-5
928.0 7.015719E-6
929.0 1.168688E-5
930.0 6.913017E-6
931.0 1.157517E-5
932.0 6.980361E-6
933.0 1.147677E-5
934.0 6.964577E-6
935.0 1.166747E-5
936.0 6.780444E-6
937.0 1.147238E-5
938.0 6.907452E-6
939.0 1.155284E-5
940.0 6.812199E-6
941.0 1.145437E-5
942.0 6.84016E-6
943.0 1.145645E-5
944.0 6.800205E-6
945.0 1.131679E-5
946.0 6.853904E-6
947.0 1.143166E-5
948.0 6.597883E-6
949.0 1.147561E-5
950.0 6.818659E-6
951.0 1.127363E-5
952.0 6.619734E-6
953.0 1.13934E-5
954.0 6.680206E-6
955.0 1.130347E-5
956.0 6.704072E-6
957.0 1.119525E-5
958.0 6.624181E-6
959.0 1.131498E-5
960.0 6.566543E-6
961.0 1.121635E-5
962.0 6.633107E-6
963.0 1.122713E-5
964.0 6.574073E-6
965.0 1.119341E-5
966.0 6.464175E-6
967.0 1.123949E-5
968.0 6.494367E-6
969.0 1.108539E-5
970.0 6.607188E-6
971.0 1.116975E-5
972.0 6.333574E-6
973.0 1.104962E-5
974.0 6.644523E-6
975.0 1.104666E-5
976.0 6.364529E-6
977.0 1.114338E-5
978.0 6.36823E-6
979.0 1.108201E-5
980.0 6.356911E-6
981.0 1.099716E-5
982.0 6.393719E-6
983.0 1.100938E-5
984.0 6.358919E-6
985.0 1.098279E-5
986.0 6.387187E-6
987.0 1.087599E-5
988.0 6.32528E-6
989.0 1.1005E-5
990.0 6.236824E-6
991.0 1.100729E-5
992.0 6.256713E-6
993.0 1.078872E-5
994.0 6.298105E-6
995.0 1.099909E-5
996.0 6.120581E-6
997.0 1.081805E-5
998.0 6.361446E-6
999.0 1.085094E-5
1000.0 6.145735E-6
