36.0 0.1695961
37.0 0.02133369
38.0 0.005346534
39.0 0.00168628
40.0 3.653644E-4
41.0 8.23901E-5
42.0 2.414693E-5
43.0 1.161659E-5
44.0 9.597742E-6
45.0 1.032614E-5
46.0 1.341296E-5
47.0 1.754365E-5
48.0 2.137811E-5
49.0 1.883371E-5
50.0 1.301601E-5
51.0 8.498531E-6
52.0 5.715514E-6
53.0 4.837886E-6
54.0 5.221089E-6
55.0 5.544457E-6
56.0 4.652829E-6
57.0 3.606578E-6
58.0 2.94864E-6
59.0 2.324527E-6
60.0 1.847507E-6
61.0 1.387963E-6
62.0 1.031237E-6
63.0 7.5393E-7
64.0 9.345006E-7
65.0 1.098792E-6
66.0 6.685001E-7
67.0 8.230054E-7
68.0 9.72068E-7
69.0 1.095522E-6
70.0 6.205944E-7
71.0 7.112067E-7
72.0 7.899148E-7
73.0 8.574338E-7
74.0 9.172789E-7
75.0 9.682876E-7
76.0 1.011178E-6
77.0 4.969811E-7
78.0 5.203499E-7
79.0 5.380705E-7
80.0 5.523686E-7
81.0 5.633298E-7
82.0 5.711999E-7
83.0 5.783038E-7
84.0 5.836028E-7
85.0 5.899476E-7
86.0 5.99383E-7
87.0 6.063017E-7
88.0 6.437514E-7
89.0 6.474166E-7
90.0 6.478636E-7
91.0 6.546544E-7
92.0 6.551866E-7
93.0 6.645629E-7
94.0 6.637835E-7
95.0 6.684852E-7
96.0 6.346186E-7
97.0 6.383343E-7
98.0 6.433806E-7
99.0 6.503268E-7
100.0 6.48473E-7
101.0 6.515107E-7
102.0 6.541321E-7
103.0 6.562731E-7
104.0 6.57917E-7
105.0 6.615295E-7
106.0 6.604837E-7
107.0 6.624192E-7
108.0 6.625918E-7
109.0 6.647614E-7
110.0 6.653496E-7
111.0 6.663977E-7
112.0 6.658233E-7
113.0 6.678949E-7
114.0 6.68046E-7
115.0 6.690383E-7
116.0 6.692899E-7
117.0 6.683922E-7
118.0 6.653987E-7
119.0 6.665245E-7
120.0 6.669767E-7
121.0 6.667968E-7
122.0 6.665709E-7
123.0 6.679063E-7
124.0 6.674321E-7
125.0 6.683165E-7
126.0 6.679954E-7
127.0 6.673416E-7
128.0 6.684026E-7
129.0 6.687171E-7
130.0 6.678955E-7
131.0 6.676079E-7
132.0 6.680899E-7
133.0 6.689496E-7
134.0 6.686462E-7
135.0 6.689196E-7
136.0 6.682184E-7
137.0 6.691633E-7
138.0 6.694788E-7
139.0 6.690951E-7
140.0 6.698183E-7
141.0 6.70175E-7
142.0 6.68938E-7
143.0 6.696782E-7
144.0 6.703181E-7
145.0 6.703143E-7
146.0 6.703624E-7
147.0 6.709077E-7
148.0 6.698794E-7
149.0 6.707261E-7
150.0 6.710367E-7
151.0 6.706773E-7
152.0 6.713987E-7
153.0 6.715811E-7
154.0 6.707183E-7
155.0 6.710195E-7
156.0 6.716042E-7
157.0 6.716604E-7
158.0 6.715618E-7
159.0 6.719235E-7
160.0 6.70991E-7
161.0 6.718842E-7
162.0 6.722445E-7
163.0 6.717993E-7
164.0 6.723478E-7
165.0 6.726026E-7
166.0 6.712164E-7
167.0 6.72191E-7
168.0 6.726553E-7
169.0 6.725401E-7
170.0 6.725099E-7
171.0 6.728903E-7
172.0 6.720533E-7
173.0 6.728916E-7
174.0 6.730371E-7
175.0 6.726636E-7
176.0 6.732357E-7
177.0 6.73573E-7
178.0 6.721116E-7
179.0 6.72923E-7
180.0 6.734194E-7
181.0 6.733455E-7
182.0 6.733958E-7
183.0 6.736951E-7
184.0 6.726733E-7
185.0 6.735895E-7
186.0 6.738606E-7
187.0 6.734323E-7
188.0 6.738991E-7
189.0 6.741155E-7
190.0 6.727062E-7
191.0 6.736897E-7
192.0 6.740896E-7
193.0 6.739396E-7
194.0 6.738682E-7
195.0 6.743222E-7
196.0 6.738192E-7
197.0 6.73858E-7
198.0 6.740838E-7
199.0 6.738712E-7
200.0 6.745261E-7
201.0 6.746675E-7
202.0 6.736825E-7
203.0 6.742774E-7
204.0 6.741095E-7
205.0 6.742811E-7
206.0 6.742865E-7
207.0 6.746338E-7
208.0 6.7416E-7
209.0 6.748916E-7
210.0 6.747501E-7
211.0 6.737625E-7
212.0 6.746019E-7
213.0 6.750763E-7
214.0 6.74134E-7
215.0 6.746232E-7
216.0 6.748453E-7
217.0 6.747433E-7
218.0 6.742505E-7
219.0 6.748331E-7
220.0 6.744601E-7
221.0 6.750908E-7
222.0 6.751006E-7
223.0 6.746534E-7
224.0 6.750786E-7
225.0 6.747554E-7
226.0 6.741486E-7
227.0 6.750102E-7
228.0 6.751761E-7
229.0 6.749962E-7
230.0 6.748965E-7
231.0 6.753194E-7
232.0 6.743041E-7
233.0 6.751387E-7
234.0 6.752128E-7
235.0 6.748025E-7
236.0 6.754253E-7
237.0 6.755411E-7
238.0 6.74543E-7
239.0 6.74618E-7
240.0 6.752474E-7
241.0 6.752799E-7
242.0 6.750834E-7
243.0 6.753986E-7
244.0 6.749149E-7
245.0 6.756321E-7
246.0 6.749687E-7
247.0 6.747938E-7
248.0 6.754793E-7
249.0 6.757545E-7
250.0 6.748008E-7
251.0 6.752742E-7
252.0 6.754781E-7
253.0 6.74865E-7
254.0 6.751836E-7
255.0 6.756056E-7
256.0 6.750525E-7
257.0 6.756644E-7
258.0 6.756573E-7
259.0 6.752038E-7
260.0 6.751133E-7
261.0 6.75598E-7
262.0 6.748407E-7
263.0 6.755234E-7
264.0 6.756678E-7
265.0 6.753674E-7
266.0 6.753722E-7
267.0 6.754772E-7
268.0 6.75007E-7
269.0 6.757544E-7
270.0 6.756531E-7
271.0 6.751162E-7
272.0 6.758448E-7
273.0 6.761441E-7
274.0 6.743579E-7
275.0 6.753335E-7
276.0 6.758004E-7
277.0 6.755509E-7
278.0 6.753406E-7
279.0 6.759584E-7
280.0 6.753848E-7
281.0 6.753962E-7
282.0 6.756281E-7
283.0 6.751815E-7
284.0 6.757002E-7
285.0 6.762693E-7
286.0 6.752287E-7
287.0 6.75493E-7
288.0 6.752676E-7
289.0 6.753714E-7
290.0 6.755258E-7
291.0 6.759786E-7
292.0 6.754459E-7
293.0 6.76047E-7
294.0 6.758392E-7
295.0 6.748407E-7
296.0 6.755821E-7
297.0 6.760956E-7
298.0 6.752099E-7
299.0 6.758747E-7
300.0 6.758112E-7
301.0 6.755904E-7
302.0 6.74978E-7
303.0 6.759091E-7
304.0 6.754671E-7
305.0 6.760909E-7
306.0 6.759712E-7
307.0 6.752389E-7
308.0 6.759252E-7
309.0 6.757158E-7
310.0 6.749656E-7
311.0 6.756893E-7
312.0 6.761044E-7
313.0 6.758415E-7
314.0 6.754368E-7
315.0 6.760089E-7
316.0 6.749367E-7
317.0 6.759715E-7
318.0 6.759555E-7
319.0 6.754627E-7
320.0 6.759686E-7
321.0 6.762246E-7
322.0 6.752603E-7
323.0 6.752229E-7
324.0 6.757447E-7
325.0 6.756764E-7
326.0 6.75786E-7
327.0 6.762225E-7
328.0 6.753854E-7
329.0 6.760601E-7
330.0 6.754303E-7
331.0 6.753313E-7
332.0 6.759394E-7
333.0 6.763248E-7
334.0 6.753262E-7
335.0 6.757988E-7
336.0 6.760199E-7
337.0 6.752005E-7
338.0 6.754176E-7
339.0 6.760642E-7
340.0 6.757237E-7
341.0 6.762649E-7
342.0 6.758706E-7
343.0 6.754111E-7
344.0 6.754097E-7
345.0 6.76185E-7
346.0 6.75289E-7
347.0 6.758924E-7
348.0 6.76079E-7
349.0 6.757693E-7
350.0 6.75685E-7
351.0 6.755807E-7
352.0 6.753484E-7
353.0 6.761009E-7
354.0 6.762022E-7
355.0 6.756093E-7
356.0 6.758444E-7
357.0 6.762576E-7
358.0 6.747537E-7
359.0 6.757477E-7
360.0 6.760355E-7
361.0 6.758568E-7
362.0 6.757391E-7
363.0 6.760324E-7
364.0 6.75644E-7
365.0 6.756828E-7
366.0 6.758139E-7
367.0 6.754408E-7
368.0 6.760594E-7
369.0 6.764998E-7
370.0 6.752522E-7
371.0 6.75808E-7
372.0 6.754955E-7
373.0 6.755961E-7
374.0 6.757436E-7
375.0 6.762947E-7
376.0 6.75652E-7
377.0 6.76061E-7
378.0 6.760018E-7
379.0 6.750717E-7
380.0 6.758467E-7
381.0 6.762688E-7
382.0 6.753945E-7
383.0 6.759438E-7
384.0 6.760439E-7
385.0 6.758322E-7
386.0 6.751401E-7
387.0 6.759625E-7
388.0 6.755498E-7
389.0 6.763736E-7
390.0 6.761857E-7
391.0 6.753857E-7
392.0 6.759636E-7
393.0 6.757929E-7
394.0 6.752328E-7
395.0 6.758898E-7
396.0 6.761222E-7
397.0 6.758977E-7
398.0 6.755827E-7
399.0 6.762494E-7
400.0 6.751225E-7
401.0 6.759776E-7
402.0 6.760132E-7
403.0 6.755923E-7
404.0 6.761993E-7
405.0 6.762833E-7
406.0 6.75286E-7
407.0 6.753448E-7
408.0 6.758547E-7
409.0 6.758955E-7
410.0 6.758374E-7
411.0 6.762508E-7
412.0 6.754954E-7
413.0 6.761592E-7
414.0 6.75638E-7
415.0 6.753729E-7
416.0 6.759634E-7
417.0 6.764203E-7
418.0 6.754164E-7
419.0 6.758881E-7
420.0 6.760845E-7
421.0 6.752865E-7
422.0 6.755009E-7
423.0 6.761433E-7
424.0 6.758028E-7
425.0 6.763376E-7
426.0 6.759477E-7
427.0 6.754863E-7
428.0 6.754834E-7
429.0 6.762536E-7
430.0 6.753571E-7
431.0 6.759615E-7
432.0 6.761462E-7
433.0 6.75725E-7
434.0 6.757841E-7
435.0 6.757112E-7
436.0 6.754027E-7
437.0 6.761623E-7
438.0 6.761503E-7
439.0 6.75718E-7
440.0 6.759699E-7
441.0 6.763028E-7
442.0 6.748091E-7
443.0 6.756904E-7
444.0 6.761406E-7
445.0 6.759754E-7
446.0 6.757825E-7
447.0 6.760822E-7
448.0 6.755815E-7
449.0 6.75784E-7
450.0 6.759269E-7
451.0 6.754789E-7
452.0 6.761047E-7
453.0 6.764299E-7
454.0 6.753498E-7
455.0 6.75917E-7
456.0 6.755291E-7
457.0 6.75637E-7
458.0 6.756727E-7
459.0 6.763866E-7
460.0 6.757565E-7
461.0 6.760914E-7
462.0 6.760383E-7
463.0 6.749964E-7
464.0 6.759358E-7
465.0 6.763676E-7
466.0 6.754211E-7
467.0 6.759774E-7
468.0 6.759657E-7
469.0 6.759182E-7
470.0 6.752379E-7
471.0 6.759842E-7
472.0 6.755797E-7
473.0 6.762917E-7
474.0 6.762681E-7
475.0 6.754808E-7
476.0 6.759839E-7
477.0 6.758184E-7
478.0 6.751481E-7
479.0 6.759701E-7
480.0 6.762136E-7
481.0 6.759147E-7
482.0 6.756078E-7
483.0 6.761614E-7
484.0 6.751999E-7
485.0 6.760663E-7
486.0 6.760277E-7
487.0 6.756147E-7
488.0 6.761099E-7
489.0 6.763576E-7
490.0 6.753727E-7
491.0 6.75357E-7
492.0 6.758739E-7
493.0 6.758035E-7
494.0 6.75911E-7
495.0 6.763348E-7
496.0 6.755063E-7
497.0 6.761774E-7
498.0 6.755441E-7
499.0 6.754444E-7
500.0 6.76046E-7
501.0 6.764273E-7
502.0 6.754326E-7
503.0 6.757929E-7
504.0 6.761543E-7
505.0 6.753674E-7
506.0 6.755079E-7
507.0 6.761577E-7
508.0 6.757056E-7
509.0 6.764062E-7
510.0 6.76027E-7
511.0 6.754916E-7
512.0 6.754966E-7
513.0 6.761535E-7
514.0 6.754246E-7
515.0 6.760395E-7
516.0 6.761503E-7
517.0 6.757374E-7
518.0 6.756844E-7
519.0 6.75777E-7
520.0 6.754787E-7
521.0 6.761652E-7
522.0 6.761607E-7
523.0 6.75617E-7
524.0 6.760356E-7
525.0 6.763773E-7
526.0 6.748113E-7
527.0 6.756997E-7
528.0 6.760384E-7
529.0 6.760397E-7
530.0 6.75857E-7
531.0 6.760831E-7
532.0 6.7559E-7
533.0 6.756812E-7
534.0 6.759899E-7
535.0 6.755525E-7
536.0 6.761049E-7
537.0 6.764368E-7
538.0 6.752463E-7
539.0 6.759797E-7
540.0 6.756016E-7
541.0 6.75636E-7
542.0 6.756798E-7
543.0 6.762819E-7
544.0 6.758185E-7
545.0 6.761634E-7
546.0 6.760366E-7
547.0 6.750028E-7
548.0 6.758304E-7
549.0 6.764284E-7
550.0 6.754924E-7
551.0 6.759753E-7
552.0 6.759715E-7
553.0 6.758124E-7
554.0 6.752989E-7
555.0 6.760542E-7
556.0 6.755769E-7
557.0 6.762969E-7
558.0 6.761617E-7
559.0 6.755415E-7
560.0 6.76054E-7
561.0 6.758146E-7
562.0 6.751526E-7
563.0 6.758632E-7
564.0 6.762733E-7
565.0 6.759841E-7
566.0 6.756045E-7
567.0 6.761655E-7
568.0 6.750926E-7
569.0 6.761257E-7
570.0 6.760966E-7
571.0 6.756106E-7
572.0 6.761136E-7
573.0 6.762494E-7
574.0 6.754322E-7
575.0 6.754257E-7
576.0 6.758692E-7
577.0 6.75807E-7
578.0 6.758031E-7
579.0 6.763938E-7
580.0 6.755745E-7
581.0 6.761725E-7
582.0 6.755469E-7
583.0 6.753356E-7
584.0 6.761049E-7
585.0 6.764948E-7
586.0 6.754277E-7
587.0 6.757958E-7
588.0 6.760456E-7
589.0 6.75426E-7
590.0 6.755751E-7
591.0 6.76152E-7
592.0 6.757078E-7
593.0 6.762973E-7
594.0 6.760854E-7
595.0 6.755589E-7
596.0 6.754911E-7
597.0 6.76155E-7
598.0 6.753155E-7
599.0 6.760975E-7
600.0 6.762169E-7
601.0 6.757313E-7
602.0 6.756864E-7
603.0 6.756676E-7
604.0 6.755364E-7
605.0 6.762318E-7
606.0 6.761544E-7
607.0 6.756188E-7
608.0 6.759258E-7
609.0 6.764345E-7
610.0 6.748774E-7
611.0 6.756931E-7
612.0 6.760399E-7
613.0 6.759299E-7
614.0 6.759146E-7
615.0 6.761492E-7
616.0 6.755834E-7
617.0 6.756823E-7
618.0 6.758792E-7
619.0 6.756097E-7
620.0 6.761709E-7
621.0 6.764298E-7
622.0 6.752477E-7
623.0 6.758695E-7
624.0 6.756588E-7
625.0 6.757015E-7
626.0 6.756728E-7
627.0 6.762826E-7
628.0 6.757078E-7
629.0 6.762207E-7
630.0 6.761022E-7
631.0 6.749958E-7
632.0 6.758312E-7
633.0 6.763175E-7
634.0 6.755495E-7
635.0 6.760406E-7
636.0 6.75964E-7
637.0 6.758129E-7
638.0 6.751882E-7
639.0 6.761111E-7
640.0 6.756422E-7
641.0 6.762896E-7
642.0 6.761622E-7
643.0 6.754307E-7
644.0 6.761108E-7
645.0 6.758793E-7
646.0 6.751448E-7
647.0 6.758636E-7
648.0 6.761624E-7
649.0 6.760411E-7
650.0 6.756697E-7
651.0 6.76158E-7
652.0 6.75093E-7
653.0 6.760144E-7
654.0 6.761531E-7
655.0 6.756753E-7
656.0 6.76106E-7
657.0 6.762496E-7
658.0 6.753212E-7
659.0 6.754825E-7
660.0 6.759338E-7
661.0 6.757994E-7
662.0 6.758032E-7
663.0 6.762824E-7
664.0 6.75631E-7
665.0 6.762372E-7
666.0 6.755392E-7
667.0 6.753357E-7
668.0 6.759937E-7
669.0 6.765513E-7
670.0 6.754924E-7
671.0 6.757878E-7
672.0 6.760454E-7
673.0 6.753145E-7
674.0 6.756316E-7
675.0 6.762166E-7
676.0 6.757001E-7
677.0 6.762974E-7
678.0 6.75974E-7
679.0 6.756155E-7
680.0 6.755555E-7
681.0 6.761466E-7
682.0 6.753152E-7
683.0 6.759861E-7
684.0 6.762736E-7
685.0 6.757959E-7
686.0 6.756785E-7
687.0 6.756675E-7
688.0 6.754248E-7
689.0 6.762883E-7
690.0 6.762185E-7
691.0 6.756105E-7
692.0 6.759257E-7
693.0 6.76323E-7
694.0 6.749342E-7
695.0 6.757574E-7
696.0 6.760318E-7
697.0 6.759297E-7
698.0 6.75803E-7
699.0 6.762056E-7
700.0 6.756474E-7
701.0 6.756743E-7
702.0 6.75879E-7
703.0 6.754983E-7
704.0 6.762275E-7
705.0 6.764939E-7
706.0 6.752396E-7
707.0 6.758691E-7
708.0 6.75547E-7
709.0 6.757578E-7
710.0 6.75737E-7
711.0 6.762746E-7
712.0 6.757077E-7
713.0 6.761091E-7
714.0 6.761587E-7
715.0 6.7506E-7
716.0 6.758228E-7
717.0 6.763169E-7
718.0 6.754376E-7
719.0 6.760972E-7
720.0 6.760282E-7
721.0 6.758048E-7
722.0 6.75188E-7
723.0 6.759994E-7
724.0 6.756988E-7
725.0 6.763536E-7
726.0 6.761537E-7
727.0 6.754302E-7
728.0 6.759992E-7
729.0 6.759359E-7
730.0 6.752089E-7
731.0 6.758555E-7
732.0 6.761621E-7
733.0 6.759294E-7
734.0 6.757261E-7
735.0 6.762218E-7
736.0 6.750845E-7
737.0 6.76014E-7
738.0 6.760414E-7
739.0 6.75732E-7
740.0 6.761701E-7
741.0 6.762413E-7
742.0 6.753209E-7
743.0 6.753707E-7
744.0 6.759901E-7
745.0 6.758631E-7
746.0 6.75795E-7
747.0 6.762822E-7
748.0 6.755194E-7
749.0 6.762939E-7
750.0 6.756031E-7
751.0 6.753274E-7
752.0 6.759932E-7
753.0 6.764392E-7
754.0 6.755486E-7
755.0 6.758517E-7
756.0 6.760371E-7
757.0 6.753142E-7
758.0 6.755197E-7
759.0 6.762731E-7
760.0 6.757638E-7
761.0 6.762887E-7
762.0 6.759732E-7
763.0 6.755034E-7
764.0 6.756119E-7
765.0 6.762102E-7
766.0 6.753069E-7
767.0 6.759856E-7
768.0 6.761616E-7
769.0 6.758524E-7
770.0 6.757421E-7
771.0 6.756588E-7
772.0 6.754239E-7
773.0 6.761763E-7
774.0 6.76275E-7
775.0 6.756743E-7
776.0 6.759173E-7
777.0 6.763223E-7
778.0 6.748222E-7
779.0 6.758136E-7
780.0 6.760952E-7
781.0 6.75921E-7
782.0 6.758024E-7
783.0 6.760937E-7
784.0 6.75704E-7
785.0 6.75738E-7
786.0 6.758704E-7
787.0 6.754977E-7
788.0 6.761154E-7
789.0 6.765501E-7
790.0 6.75303E-7
791.0 6.758606E-7
792.0 6.755464E-7
793.0 6.756459E-7
794.0 6.757935E-7
795.0 6.763382E-7
796.0 6.756991E-7
797.0 6.761084E-7
798.0 6.760465E-7
799.0 6.751162E-7
800.0 6.758863E-7
801.0 6.763084E-7
802.0 6.754371E-7
803.0 6.759852E-7
804.0 6.760846E-7
805.0 6.758684E-7
806.0 6.751793E-7
807.0 6.759985E-7
808.0 6.755865E-7
809.0 6.764101E-7
810.0 6.762174E-7
811.0 6.754218E-7
812.0 6.759986E-7
813.0 6.758238E-7
814.0 6.752654E-7
815.0 6.759189E-7
816.0 6.761533E-7
817.0 6.759286E-7
818.0 6.756141E-7
819.0 6.762784E-7
820.0 6.751482E-7
821.0 6.760055E-7
822.0 6.760408E-7
823.0 6.7562E-7
824.0 6.762265E-7
825.0 6.763046E-7
826.0 6.753121E-7
827.0 6.7537E-7
828.0 6.758781E-7
829.0 6.759198E-7
830.0 6.758586E-7
831.0 6.762736E-7
832.0 6.755187E-7
833.0 6.761817E-7
834.0 6.756594E-7
835.0 6.753907E-7
836.0 6.759847E-7
837.0 6.764387E-7
838.0 6.754368E-7
839.0 6.759083E-7
840.0 6.761007E-7
841.0 6.753057E-7
842.0 6.75519E-7
843.0 6.76161E-7
844.0 6.758203E-7
845.0 6.763525E-7
846.0 6.759649E-7
847.0 6.75503E-7
848.0 6.755001E-7
849.0 6.76267E-7
850.0 6.753706E-7
851.0 6.759771E-7
852.0 6.761609E-7
853.0 6.757403E-7
854.0 6.757988E-7
855.0 6.757227E-7
856.0 6.754157E-7
857.0 6.761759E-7
858.0 6.761632E-7
859.0 6.757311E-7
860.0 6.759809E-7
861.0 6.763137E-7
862.0 6.748216E-7
863.0 6.757018E-7
864.0 6.761521E-7
865.0 6.759848E-7
866.0 6.757941E-7
867.0 6.760933E-7
868.0 6.755922E-7
869.0 6.757946E-7
870.0 6.759339E-7
871.0 6.754891E-7
872.0 6.76115E-7
873.0 6.764384E-7
874.0 6.753599E-7
875.0 6.759244E-7
876.0 6.755381E-7
877.0 6.756454E-7
878.0 6.756816E-7
879.0 6.763948E-7
880.0 6.757627E-7
881.0 6.761E-7
882.0 6.760462E-7
883.0 6.750046E-7
884.0 6.759432E-7
885.0 6.763722E-7
886.0 6.754288E-7
887.0 6.759847E-7
888.0 6.759726E-7
889.0 6.759251E-7
890.0 6.752431E-7
891.0 6.759903E-7
892.0 6.755862E-7
893.0 6.762983E-7
894.0 6.762742E-7
895.0 6.754855E-7
896.0 6.759901E-7
897.0 6.758232E-7
898.0 6.751534E-7
899.0 6.759758E-7
900.0 6.762172E-7
901.0 6.759204E-7
902.0 6.756137E-7
903.0 6.761667E-7
904.0 6.752051E-7
905.0 6.760691E-7
906.0 6.760323E-7
907.0 6.756194E-7
908.0 6.761147E-7
909.0 6.763616E-7
910.0 6.75376E-7
911.0 6.753618E-7
912.0 6.758777E-7
913.0 6.75808E-7
914.0 6.759153E-7
915.0 6.763372E-7
916.0 6.755102E-7
917.0 6.761813E-7
918.0 6.755477E-7
919.0 6.754477E-7
920.0 6.760485E-7
921.0 6.764304E-7
922.0 6.754365E-7
923.0 6.757965E-7
924.0 6.761574E-7
925.0 6.753693E-7
926.0 6.755107E-7
927.0 6.761608E-7
928.0 6.757086E-7
929.0 6.764094E-7
930.0 6.760286E-7
931.0 6.754948E-7
932.0 6.754996E-7
933.0 6.76155E-7
934.0 6.754273E-7
935.0 6.760408E-7
936.0 6.761527E-7
937.0 6.757401E-7
938.0 6.756871E-7
939.0 6.757796E-7
940.0 6.754794E-7
941.0 6.761675E-7
942.0 6.761626E-7
943.0 6.756191E-7
944.0 6.760378E-7
945.0 6.763776E-7
946.0 6.748134E-7
947.0 6.757014E-7
948.0 6.760403E-7
949.0 6.760418E-7
950.0 6.758577E-7
951.0 6.760848E-7
952.0 6.755915E-7
953.0 6.756829E-7
954.0 6.759909E-7
955.0 6.75553E-7
956.0 6.761068E-7
957.0 6.764381E-7
958.0 6.752482E-7
959.0 6.759812E-7
960.0 6.756016E-7
961.0 6.756369E-7
962.0 6.756812E-7
963.0 6.762832E-7
964.0 6.758197E-7
965.0 6.761638E-7
966.0 6.760379E-7
967.0 6.750042E-7
968.0 6.758313E-7
969.0 6.764289E-7
970.0 6.754923E-7
971.0 6.759764E-7
972.0 6.759723E-7
973.0 6.758135E-7
974.0 6.753001E-7
975.0 6.76054E-7
976.0 6.75578E-7
977.0 6.762978E-7
978.0 6.761623E-7
979.0 6.755423E-7
980.0 6.760539E-7
981.0 6.75815E-7
982.0 6.751531E-7
983.0 6.758641E-7
984.0 6.762741E-7
985.0 6.759841E-7
986.0 6.756053E-7
987.0 6.761661E-7
988.0 6.750931E-7
989.0 6.76126E-7
990.0 6.760961E-7
991.0 6.756113E-7
992.0 6.761144E-7
993.0 6.762498E-7
994.0 6.75433E-7
995.0 6.754254E-7
996.0 6.758692E-7
997.0 6.758074E-7
998.0 6.758036E-7
999.0 6.763943E-7
1000.0 6.755741E-7
