1.0 1.0
2.0 0.05095939
3.0 0.02305949
4.0 0.09994891
5.0 0.2873768
6.0 0.07563575
7.0 0.08210395
8.0 0.3679275
9.0 0.1778672
10.0 0.07508973
11.0 0.08357477
12.0 0.1994838
13.0 0.1863483
14.0 0.1083432
15.0 0.1098808
16.0 0.06814646
17.0 0.03946721
18.0 0.02836347
19.0 0.03069235
20.0 0.02840912
21.0 0.02205351
22.0 0.01837763
23.0 0.01605793
24.0 0.01385246
25.0 0.01228744
26.0 0.01162466
27.0 0.0110034
28.0 0.01017804
29.0 0.009500335
30.0 0.008951106
31.0 0.008508186
32.0 0.008102038
33.0 0.007724001
34.0 0.007355428
35.0 0.006988888
36.0 0.006640997
37.0 0.4749663
38.0 0.5743238
39.0 0.7111558
40.0 0.2778181
41.0 0.1488922
42.0 0.2873573
43.0 0.3058247
44.0 0.1814282
45.0 0.1939095
46.0 0.5157352
47.0 0.2272037
48.0 0.145167
49.0 0.2179539
50.0 0.4275049
51.0 0.1565275
52.0 0.1043685
53.0 0.1666924
54.0 0.2334414
55.0 0.1100399
56.0 0.09738405
57.0 0.118185
58.0 0.06930519
59.0 0.04439646
60.0 0.0400087
61.0 0.04062315
62.0 0.03514172
63.0 0.02902504
64.0 0.0251867
65.0 0.02128164
66.0 0.01763063
67.0 0.0157521
68.0 0.01468964
69.0 0.01370599
70.0 0.01273537
71.0 0.0118126
72.0 0.01088177
73.0 0.0100244
74.0 0.009329535
75.0 0.008766639
76.0 0.008275242
77.0 0.007816297
78.0 0.00737824
79.0 0.006962909
80.0 0.0065754
81.0 0.006220786
82.0 0.005899079
83.0 0.005605022
84.0 0.005332611
85.0 0.005077747
86.0 0.004838362
87.0 0.004613959
88.0 0.004404543
89.0 0.00420941
90.0 0.004027405
91.0 0.003857105
92.0 0.003697252
93.0 0.003547007
94.0 0.003405666
95.0 0.003272661
96.0 0.003147416
97.0 0.003029451
98.0 0.002918189
99.0 0.002813122
100.0 0.002713784
101.0 0.002619768
102.0 0.002530723
103.0 0.002446272
104.0 0.002366096
105.0 0.002289973
106.0 0.002217648
107.0 0.002148854
108.0 0.002083361
109.0 0.002020969
110.0 0.001961501
111.0 0.001904722
112.0 0.001850485
113.0 0.001798663
114.0 0.001749106
115.0 0.001701658
116.0 0.001656222
117.0 0.001612684
118.0 0.001570926
119.0 0.001530856
120.0 0.001492361
121.0 0.001455354
122.0 0.00141977
123.0 0.001385525
124.0 0.00135254
125.0 0.001320751
126.0 0.001290114
127.0 0.001260574
128.0 0.001232057
129.0 0.001204523
130.0 0.001177892
131.0 0.001152217
132.0 0.001127386
133.0 0.001103312
134.0 0.001080015
135.0 0.001057478
136.0 0.001035658
137.0 0.0010145
138.0 9.939746E-4
139.0 9.740539E-4
140.0 9.547112E-4
141.0 9.359361E-4
142.0 9.177036E-4
143.0 8.99984E-4
144.0 8.827578E-4
145.0 8.660045E-4
146.0 8.497021E-4
147.0 8.33839E-4
148.0 8.184077E-4
149.0 8.033885E-4
150.0 7.88765E-4
151.0 7.745241E-4
152.0 7.606507E-4
153.0 7.471318E-4
154.0 7.339541E-4
155.0 7.211056E-4
156.0 7.085727E-4
157.0 6.963465E-4
158.0 6.844145E-4
159.0 6.727678E-4
160.0 6.613987E-4
161.0 6.502973E-4
162.0 6.39457E-4
163.0 6.288715E-4
164.0 6.185303E-4
165.0 6.084371E-4
166.0 5.985511E-4
167.0 5.889077E-4
168.0 5.794817E-4
169.0 5.702434E-4
170.0 5.612343E-4
171.0 5.524174E-4
172.0 5.437749E-4
173.0 5.353415E-4
174.0 5.270766E-4
175.0 5.189848E-4
176.0 5.110673E-4
177.0 5.033189E-4
178.0 4.957313E-4
179.0 4.882973E-4
180.0 4.810153E-4
181.0 4.738826E-4
182.0 4.668968E-4
183.0 4.600524E-4
184.0 4.533452E-4
185.0 4.46771E-4
186.0 4.403243E-4
187.0 4.340022E-4
188.0 4.278032E-4
189.0 4.217259E-4
190.0 4.157665E-4
191.0 4.099219E-4
192.0 4.041893E-4
193.0 3.985647E-4
194.0 3.930473E-4
195.0 3.876342E-4
196.0 3.823228E-4
197.0 3.771094E-4
198.0 3.719926E-4
199.0 3.669696E-4
200.0 3.620389E-4
201.0 3.571986E-4
202.0 3.524455E-4
203.0 3.477787E-4
204.0 3.431962E-4
205.0 3.386957E-4
206.0 3.342755E-4
207.0 3.299338E-4
208.0 3.256685E-4
209.0 3.214778E-4
210.0 3.173604E-4
211.0 3.133153E-4
212.0 3.093404E-4
213.0 3.054337E-4
214.0 3.015937E-4
215.0 2.978197E-4
216.0 2.941103E-4
217.0 2.904631E-4
218.0 2.868775E-4
219.0 2.833524E-4
220.0 2.798871E-4
221.0 2.764794E-4
222.0 2.731287E-4
223.0 2.698338E-4
224.0 2.66593E-4
225.0 2.634047E-4
226.0 2.602671E-4
227.0 2.571793E-4
228.0 2.541412E-4
229.0 2.511527E-4
230.0 2.482122E-4
231.0 2.453188E-4
232.0 2.424714E-4
233.0 2.396696E-4
234.0 2.369122E-4
235.0 2.341984E-4
236.0 2.315269E-4
237.0 2.28897E-4
238.0 2.263079E-4
239.0 2.237578E-4
240.0 2.212465E-4
241.0 2.187732E-4
242.0 2.163372E-4
243.0 2.139379E-4
244.0 2.11575E-4
245.0 2.09248E-4
246.0 2.069561E-4
247.0 2.04698E-4
248.0 2.024732E-4
249.0 2.002811E-4
250.0 1.981209E-4
251.0 1.959917E-4
252.0 1.93893E-4
253.0 1.918247E-4
254.0 1.897862E-4
255.0 1.877766E-4
256.0 1.857955E-4
257.0 1.838419E-4
258.0 1.81916E-4
259.0 1.80017E-4
260.0 1.782075E-4
261.0 1.76319E-4
262.0 1.745299E-4
263.0 1.727558E-4
264.0 1.709858E-4
265.0 1.69232E-4
266.0 1.675058E-4
267.0 1.658086E-4
268.0 1.641357E-4
269.0 1.624828E-4
270.0 1.608473E-4
271.0 1.592315E-4
272.0 1.576387E-4
273.0 1.560703E-4
274.0 1.545252E-4
275.0 1.530012E-4
276.0 1.514966E-4
277.0 1.500102E-4
278.0 1.485417E-4
279.0 1.470916E-4
280.0 1.4566E-4
281.0 1.442476E-4
282.0 1.428541E-4
283.0 1.414786E-4
284.0 1.401207E-4
285.0 1.387797E-4
286.0 1.37455E-4
287.0 1.361465E-4
288.0 1.348543E-4
289.0 1.335784E-4
290.0 1.323187E-4
291.0 1.310745E-4
292.0 1.298461E-4
293.0 1.28633E-4
294.0 1.274346E-4
295.0 1.262504E-4
296.0 1.250805E-4
297.0 1.239245E-4
298.0 1.227823E-4
299.0 1.21654E-4
300.0 1.205394E-4
301.0 1.194383E-4
302.0 1.1835E-4
303.0 1.172748E-4
304.0 1.16212E-4
305.0 1.151615E-4
306.0 1.141233E-4
307.0 1.13097E-4
308.0 1.120825E-4
309.0 1.110798E-4
310.0 1.100884E-4
311.0 1.091084E-4
312.0 1.081394E-4
313.0 1.071813E-4
314.0 1.062342E-4
315.0 1.052976E-4
316.0 1.043716E-4
317.0 1.034558E-4
318.0 1.025502E-4
319.0 1.016547E-4
320.0 1.007691E-4
321.0 9.989343E-5
322.0 9.902754E-5
323.0 9.817114E-5
324.0 9.732405E-5
325.0 9.648617E-5
326.0 9.565747E-5
327.0 9.483777E-5
328.0 9.402703E-5
329.0 9.322505E-5
330.0 9.243166E-5
331.0 9.164671E-5
332.0 9.087017E-5
333.0 9.010191E-5
334.0 8.934177E-5
335.0 8.858955E-5
336.0 8.784524E-5
337.0 8.710871E-5
338.0 8.637976E-5
339.0 8.565848E-5
340.0 8.494465E-5
341.0 8.42381E-5
342.0 8.353884E-5
343.0 8.284681E-5
344.0 8.216187E-5
345.0 8.148388E-5
346.0 8.081281E-5
347.0 8.014852E-5
348.0 7.949099E-5
349.0 7.884019E-5
350.0 7.819587E-5
351.0 7.755789E-5
352.0 7.692628E-5
353.0 7.630097E-5
354.0 7.56818E-5
355.0 7.506874E-5
356.0 7.446178E-5
357.0 7.386074E-5
358.0 7.326547E-5
359.0 7.267601E-5
360.0 7.209234E-5
361.0 7.151435E-5
362.0 7.094197E-5
363.0 7.03751E-5
364.0 6.981372E-5
365.0 6.925771E-5
366.0 6.870701E-5
367.0 6.816163E-5
368.0 6.76215E-5
369.0 6.708649E-5
370.0 6.655649E-5
371.0 6.603144E-5
372.0 6.551134E-5
373.0 6.499624E-5
374.0 6.448604E-5
375.0 6.398064E-5
376.0 6.347999E-5
377.0 6.298397E-5
378.0 6.249264E-5
379.0 6.20059E-5
380.0 6.152373E-5
381.0 6.104611E-5
382.0 6.05729E-5
383.0 6.010403E-5
384.0 5.963947E-5
385.0 5.917912E-5
386.0 5.872292E-5
387.0 5.827088E-5
388.0 5.782299E-5
389.0 5.737917E-5
390.0 5.693937E-5
391.0 5.650355E-5
392.0 5.607164E-5
393.0 5.564357E-5
394.0 5.521932E-5
395.0 5.479889E-5
396.0 5.438219E-5
397.0 5.396921E-5
398.0 5.355991E-5
399.0 5.315427E-5
400.0 5.275221E-5
401.0 5.235371E-5
402.0 5.195877E-5
403.0 5.156729E-5
404.0 5.117927E-5
405.0 5.079463E-5
406.0 5.041334E-5
407.0 5.00354E-5
408.0 4.966073E-5
409.0 4.928932E-5
410.0 4.892115E-5
411.0 4.855618E-5
412.0 4.819435E-5
413.0 4.783563E-5
414.0 4.748001E-5
415.0 4.712748E-5
416.0 4.6778E-5
417.0 4.643152E-5
418.0 4.608797E-5
419.0 4.574733E-5
420.0 4.540957E-5
421.0 4.507464E-5
422.0 4.474256E-5
423.0 4.441328E-5
424.0 4.408676E-5
425.0 4.376303E-5
426.0 4.344201E-5
427.0 4.312372E-5
428.0 4.280807E-5
429.0 4.249508E-5
430.0 4.218473E-5
431.0 4.187695E-5
432.0 4.157172E-5
433.0 4.126902E-5
434.0 4.096884E-5
435.0 4.067114E-5
436.0 4.037591E-5
437.0 4.008308E-5
438.0 3.979268E-5
439.0 3.950466E-5
440.0 3.921901E-5
441.0 3.893571E-5
442.0 3.865472E-5
443.0 3.837603E-5
444.0 3.809963E-5
445.0 3.782548E-5
446.0 3.755355E-5
447.0 3.728383E-5
448.0 3.701631E-5
449.0 3.675098E-5
450.0 3.64878E-5
451.0 3.622675E-5
452.0 3.596779E-5
453.0 3.57109E-5
454.0 3.54561E-5
455.0 3.520338E-5
456.0 3.495269E-5
457.0 3.470402E-5
458.0 3.445732E-5
459.0 3.421258E-5
460.0 3.396977E-5
461.0 3.372889E-5
462.0 3.348993E-5
463.0 3.325285E-5
464.0 3.301766E-5
465.0 3.278432E-5
466.0 3.255286E-5
467.0 3.232325E-5
468.0 3.209544E-5
469.0 3.186944E-5
470.0 3.164522E-5
471.0 3.142274E-5
472.0 3.120199E-5
473.0 3.098298E-5
474.0 3.07657E-5
475.0 3.055014E-5
476.0 3.033629E-5
477.0 3.012413E-5
478.0 2.991364E-5
479.0 2.970477E-5
480.0 2.949752E-5
481.0 2.929188E-5
482.0 2.908781E-5
483.0 2.888532E-5
484.0 2.868439E-5
485.0 2.848498E-5
486.0 2.828712E-5
487.0 2.809077E-5
488.0 2.789594E-5
489.0 2.770262E-5
490.0 2.751077E-5
491.0 2.732039E-5
492.0 2.71315E-5
493.0 2.694404E-5
494.0 2.675799E-5
495.0 2.657337E-5
496.0 2.639015E-5
497.0 2.620832E-5
498.0 2.602788E-5
499.0 2.584881E-5
500.0 2.56711E-5
501.0 2.549472E-5
502.0 2.531967E-5
503.0 2.514593E-5
504.0 2.497353E-5
505.0 2.480244E-5
506.0 2.463263E-5
507.0 2.446412E-5
508.0 2.429688E-5
509.0 2.413091E-5
510.0 2.39662E-5
511.0 2.383246E-5
512.0 2.365116E-5
513.0 2.35066E-5
514.0 2.33247E-5
515.0 2.318359E-5
516.0 2.304107E-5
517.0 2.288981E-5
518.0 2.27326E-5
519.0 2.257549E-5
520.0 2.242148E-5
521.0 2.227039E-5
522.0 2.212111E-5
523.0 2.197244E-5
524.0 2.182354E-5
525.0 2.167466E-5
526.0 2.152688E-5
527.0 2.138106E-5
528.0 2.12373E-5
529.0 2.109505E-5
530.0 2.095373E-5
531.0 2.081303E-5
532.0 2.067279E-5
533.0 2.05331E-5
534.0 2.039433E-5
535.0 2.025687E-5
536.0 2.012091E-5
537.0 1.998632E-5
538.0 1.985282E-5
539.0 1.972015E-5
540.0 1.958818E-5
541.0 1.945688E-5
542.0 1.932634E-5
543.0 1.919673E-5
544.0 1.906825E-5
545.0 1.894095E-5
546.0 1.881473E-5
547.0 1.868948E-5
548.0 1.856504E-5
549.0 1.844136E-5
550.0 1.831841E-5
551.0 1.819626E-5
552.0 1.807501E-5
553.0 1.795475E-5
554.0 1.783548E-5
555.0 1.771717E-5
556.0 1.759973E-5
557.0 1.748307E-5
558.0 1.736716E-5
559.0 1.725201E-5
560.0 1.713765E-5
561.0 1.702412E-5
562.0 1.691146E-5
563.0 1.679967E-5
564.0 1.668872E-5
565.0 1.657856E-5
566.0 1.646916E-5
567.0 1.636049E-5
568.0 1.625255E-5
569.0 1.614537E-5
570.0 1.603899E-5
571.0 1.593339E-5
572.0 1.582858E-5
573.0 1.572454E-5
574.0 1.562123E-5
575.0 1.551863E-5
576.0 1.541673E-5
577.0 1.531552E-5
578.0 1.521504E-5
579.0 1.511526E-5
580.0 1.501622E-5
581.0 1.491789E-5
582.0 1.482026E-5
583.0 1.472332E-5
584.0 1.462705E-5
585.0 1.453145E-5
586.0 1.44365E-5
587.0 1.434222E-5
588.0 1.424861E-5
589.0 1.415567E-5
590.0 1.406339E-5
591.0 1.397176E-5
592.0 1.388076E-5
593.0 1.37904E-5
594.0 1.370066E-5
595.0 1.361156E-5
596.0 1.352308E-5
597.0 1.343522E-5
598.0 1.334799E-5
599.0 1.326137E-5
600.0 1.317536E-5
601.0 1.308995E-5
602.0 1.300512E-5
603.0 1.292089E-5
604.0 1.283724E-5
605.0 1.275416E-5
606.0 1.267166E-5
607.0 1.258974E-5
608.0 1.250838E-5
609.0 1.242759E-5
610.0 1.234737E-5
611.0 1.226769E-5
612.0 1.218856E-5
613.0 1.210997E-5
614.0 1.203193E-5
615.0 1.195442E-5
616.0 1.187746E-5
617.0 1.180104E-5
618.0 1.172514E-5
619.0 1.164976E-5
620.0 1.15749E-5
621.0 1.150055E-5
622.0 1.142671E-5
623.0 1.135338E-5
624.0 1.128056E-5
625.0 1.120823E-5
626.0 1.11364E-5
627.0 1.106507E-5
628.0 1.099423E-5
629.0 1.092387E-5
630.0 1.085399E-5
631.0 1.07846E-5
632.0 1.071568E-5
633.0 1.064722E-5
634.0 1.057924E-5
635.0 1.051172E-5
636.0 1.044466E-5
637.0 1.037805E-5
638.0 1.03119E-5
639.0 1.02462E-5
640.0 1.018095E-5
641.0 1.011615E-5
642.0 1.005179E-5
643.0 9.987865E-6
644.0 9.924378E-6
645.0 9.861319E-6
646.0 9.798684E-6
647.0 9.736474E-6
648.0 9.674685E-6
649.0 9.613313E-6
650.0 9.552356E-6
651.0 9.603792E-6
652.0 9.649879E-6
653.0 9.442614E-6
654.0 9.451634E-6
655.0 9.455797E-6
656.0 9.438546E-6
657.0 9.396772E-6
658.0 9.162959E-6
659.0 9.145798E-6
660.0 9.14601E-6
661.0 9.134748E-6
662.0 9.099272E-6
663.0 9.04427E-6
664.0 8.980176E-6
665.0 8.915805E-6
666.0 8.85543E-6
667.0 8.799435E-6
668.0 8.746106E-6
669.0 8.693093E-6
670.0 8.638785E-6
671.0 8.583044E-6
672.0 8.526784E-6
673.0 8.47108E-6
674.0 8.416594E-6
675.0 8.363418E-6
676.0 8.311339E-6
677.0 8.260031E-6
678.0 8.20914E-6
679.0 8.158378E-6
680.0 8.107589E-6
681.0 8.056787E-6
682.0 8.006108E-6
683.0 7.955724E-6
684.0 7.905823E-6
685.0 7.856509E-6
686.0 7.807733E-6
687.0 7.759312E-6
688.0 7.711028E-6
689.0 7.662756E-6
690.0 7.614543E-6
691.0 7.566535E-6
692.0 7.518909E-6
693.0 7.471797E-6
694.0 7.425261E-6
695.0 7.379277E-6
696.0 7.333749E-6
697.0 7.288564E-6
698.0 7.243612E-6
699.0 7.198837E-6
700.0 7.154238E-6
701.0 7.109847E-6
702.0 7.065672E-6
703.0 7.021704E-6
704.0 6.977914E-6
705.0 6.934325E-6
706.0 6.891001E-6
707.0 6.84802E-6
708.0 6.805445E-6
709.0 6.763305E-6
710.0 6.721587E-6
711.0 6.680238E-6
712.0 6.639189E-6
713.0 6.598372E-6
714.0 6.557749E-6
715.0 6.517311E-6
716.0 6.477073E-6
717.0 6.437064E-6
718.0 6.39728E-6
719.0 6.357702E-6
720.0 6.318318E-6
721.0 6.279142E-6
722.0 6.240209E-6
723.0 6.201568E-6
724.0 6.163263E-6
725.0 6.125315E-6
726.0 6.087715E-6
727.0 6.050421E-6
728.0 6.013385E-6
729.0 5.976565E-6
730.0 5.939936E-6
731.0 5.903495E-6
732.0 5.867257E-6
733.0 5.831224E-6
734.0 5.795385E-6
735.0 5.759732E-6
736.0 5.724264E-6
737.0 5.688992E-6
738.0 5.653951E-6
739.0 5.619174E-6
740.0 5.584687E-6
741.0 5.550498E-6
742.0 5.516596E-6
743.0 5.482953E-6
744.0 5.449537E-6
745.0 5.416316E-6
746.0 5.383277E-6
747.0 5.350418E-6
748.0 5.147522E-6
749.0 4.950606E-6
750.0 4.828103E-6
751.0 4.666807E-6
752.0 4.562493E-6
753.0 4.572694E-6
754.0 4.667102E-6
755.0 4.707829E-6
756.0 4.640349E-6
757.0 4.539539E-6
758.0 4.477747E-6
759.0 4.452687E-6
760.0 4.440827E-6
761.0 4.422068E-6
762.0 4.387273E-6
763.0 4.342129E-6
764.0 4.300936E-6
765.0 4.269073E-6
766.0 4.24205E-6
767.0 4.216318E-6
768.0 4.191438E-6
769.0 4.167832E-6
770.0 4.144673E-6
771.0 4.120953E-6
772.0 4.096616E-6
773.0 4.071979E-6
774.0 4.047333E-6
775.0 4.022971E-6
776.0 3.999261E-6
777.0 3.97652E-6
778.0 3.954827E-6
779.0 3.933984E-6
780.0 3.91379E-6
781.0 3.893942E-6
782.0 3.87357E-6
783.0 3.852084E-6
784.0 3.829824E-6
785.0 3.807396E-6
786.0 3.785204E-6
787.0 3.763525E-6
788.0 3.742504E-6
789.0 3.722192E-6
790.0 3.702437E-6
791.0 3.682975E-6
792.0 3.663544E-6
793.0 3.643981E-6
794.0 3.624235E-6
795.0 3.604374E-6
796.0 3.58453E-6
797.0 3.564823E-6
798.0 3.545334E-6
799.0 3.526104E-6
800.0 3.50716E-6
801.0 3.488478E-6
802.0 3.469988E-6
803.0 3.451577E-6
804.0 3.433149E-6
805.0 3.414667E-6
806.0 3.396191E-6
807.0 3.377777E-6
808.0 3.359497E-6
809.0 3.341398E-6
810.0 3.323507E-6
811.0 3.305825E-6
812.0 3.288327E-6
813.0 3.270968E-6
814.0 3.2537E-6
815.0 3.236487E-6
816.0 3.219315E-6
817.0 3.202185E-6
818.0 3.185118E-6
819.0 3.168135E-6
820.0 3.151253E-6
821.0 3.134473E-6
822.0 3.117785E-6
823.0 3.101177E-6
824.0 3.084654E-6
825.0 3.068237E-6
826.0 3.051942E-6
827.0 3.035788E-6
828.0 3.019783E-6
829.0 3.003924E-6
830.0 2.988196E-6
831.0 2.972573E-6
832.0 2.957029E-6
833.0 2.94154E-6
834.0 2.926095E-6
835.0 2.910698E-6
836.0 2.89536E-6
837.0 2.880088E-6
838.0 2.864889E-6
839.0 2.849764E-6
840.0 2.834714E-6
841.0 2.819751E-6
842.0 2.804883E-6
843.0 2.79012E-6
844.0 2.775482E-6
845.0 2.760972E-6
846.0 2.746588E-6
847.0 2.732315E-6
848.0 2.718131E-6
849.0 2.704016E-6
850.0 2.689951E-6
851.0 2.675928E-6
852.0 2.661948E-6
853.0 2.648021E-6
854.0 2.634158E-6
855.0 2.620363E-6
856.0 2.606632E-6
857.0 2.592959E-6
858.0 2.579351E-6
859.0 2.565828E-6
860.0 2.552409E-6
861.0 2.539109E-6
862.0 2.525935E-6
863.0 2.512884E-6
864.0 2.49994E-6
865.0 2.487081E-6
866.0 2.474281E-6
867.0 2.461521E-6
868.0 2.44879E-6
869.0 2.43609E-6
870.0 2.423431E-6
871.0 2.410829E-6
872.0 2.398289E-6
873.0 2.38581E-6
874.0 2.373383E-6
875.0 2.361011E-6
876.0 2.348708E-6
877.0 2.336491E-6
878.0 2.324382E-6
879.0 2.312391E-6
880.0 2.300517E-6
881.0 2.288746E-6
882.0 2.277056E-6
883.0 2.265419E-6
884.0 2.253816E-6
885.0 2.242234E-6
886.0 2.230672E-6
887.0 2.219142E-6
888.0 2.207657E-6
889.0 2.196231E-6
890.0 2.184865E-6
891.0 2.17355E-6
892.0 2.162288E-6
893.0 2.151083E-6
894.0 2.139956E-6
895.0 2.128925E-6
896.0 2.118004E-6
897.0 2.107192E-6
898.0 2.096477E-6
899.0 2.08584E-6
900.0 2.075258E-6
901.0 2.064705E-6
902.0 2.054168E-6
903.0 2.043647E-6
904.0 2.033151E-6
905.0 2.022695E-6
906.0 2.012292E-6
907.0 2.00194E-6
908.0 1.991637E-6
909.0 1.981377E-6
910.0 1.971164E-6
911.0 1.96102E-6
912.0 1.950962E-6
913.0 1.941006E-6
914.0 1.931153E-6
915.0 1.921394E-6
916.0 1.91171E-6
917.0 1.902076E-6
918.0 1.892469E-6
919.0 1.882874E-6
920.0 1.873284E-6
921.0 1.86371E-6
922.0 1.854166E-6
923.0 1.844663E-6
924.0 1.835213E-6
925.0 1.825813E-6
926.0 1.816457E-6
927.0 1.807146E-6
928.0 1.799752E-6
929.0 1.78752E-6
930.0 1.777766E-6
931.0 1.769651E-6
932.0 1.763269E-6
933.0 1.755067E-6
934.0 1.742658E-6
935.0 1.733989E-6
936.0 1.727324E-6
937.0 1.719849E-6
938.0 1.708599E-6
939.0 1.700781E-6
940.0 1.692595E-6
941.0 1.683466E-6
942.0 1.673243E-6
943.0 1.665995E-6
944.0 1.658862E-6
945.0 1.650467E-6
946.0 1.641366E-6
947.0 1.632317E-6
948.0 1.623729E-6
949.0 1.61564E-6
950.0 1.607876E-6
951.0 1.600212E-6
952.0 1.592487E-6
953.0 1.584622E-6
954.0 1.576623E-6
955.0 1.568545E-6
956.0 1.560455E-6
957.0 1.552412E-6
958.0 1.544448E-6
959.0 1.536571E-6
960.0 1.52877E-6
961.0 1.521032E-6
962.0 1.513351E-6
963.0 1.505727E-6
964.0 1.498166E-6
965.0 1.490671E-6
966.0 1.48324E-6
967.0 1.475868E-6
968.0 1.468543E-6
969.0 1.461248E-6
970.0 1.453971E-6
971.0 1.446698E-6
972.0 1.439427E-6
973.0 1.432163E-6
974.0 1.424914E-6
975.0 1.417692E-6
976.0 1.410512E-6
977.0 1.40338E-6
978.0 1.3963E-6
979.0 1.389276E-6
980.0 1.382316E-6
981.0 1.375425E-6
982.0 1.368601E-6
983.0 1.361834E-6
984.0 1.355111E-6
985.0 1.348418E-6
986.0 1.341737E-6
987.0 1.335059E-6
988.0 1.328381E-6
989.0 1.321705E-6
990.0 1.31504E-6
991.0 1.308401E-6
992.0 1.301795E-6
993.0 1.29523E-6
994.0 1.288712E-6
995.0 1.282248E-6
996.0 1.275844E-6
997.0 1.269501E-6
998.0 1.263219E-6
999.0 1.256991E-6
1000.0 1.250808E-6
