1.0 1.0
2.0 0.2754894
3.0 0.1840146
4.0 0.1385533
5.0 0.1125109
6.0 0.09575619
7.0 0.08323692
8.0 0.07401325
9.0 0.06690668
10.0 0.06116398
11.0 0.05632355
12.0 0.05228873
13.0 0.04878954
14.0 0.04570869
15.0 0.04303587
16.0 0.04069255
17.0 0.03861952
18.0 0.03677228
19.0 0.03511322
20.0 0.0335766
21.0 0.03217787
22.0 0.03090591
23.0 0.02973796
24.0 0.02864317
25.0 0.02763668
26.0 0.02671102
27.0 0.02585754
28.0 0.02506735
29.0 0.02433064
30.0 0.02364395
31.0 0.02300342
32.0 0.02240468
33.0 0.02184158
34.0 0.02130996
35.0 0.0208081
36.0 0.02033467
37.0 0.9008302
38.0 0.2415677
39.0 0.1278829
40.0 0.08210226
41.0 0.05942903
42.0 0.04632555
43.0 0.03816757
44.0 0.03261869
45.0 0.02865955
46.0 0.02564693
47.0 0.02333207
48.0 0.02149942
49.0 0.0199795
50.0 0.01868748
51.0 0.01756817
52.0 0.01657497
53.0 0.015703
54.0 0.01491756
55.0 0.0142127
56.0 0.0135671
57.0 0.01297638
58.0 0.0124375
59.0 0.01194342
60.0 0.01148831
61.0 0.0110674
62.0 0.01067675
63.0 0.01031308
64.0 0.009973611
65.0 0.009655986
66.0 0.009358186
67.0 0.009078458
68.0 0.008815281
69.0 0.008567318
70.0 0.008333389
71.0 0.008112446
72.0 0.007903552
73.0 0.007705864
74.0 0.007518621
75.0 0.007341136
76.0 0.007172781
77.0 0.007012983
78.0 0.006861217
79.0 0.006717002
80.0 0.006579894
81.0 0.006449482
82.0 0.006325385
83.0 0.00620725
84.0 0.006094749
85.0 0.005987575
86.0 0.005885444
87.0 0.005788089
88.0 0.00569526
89.0 0.005606723
90.0 0.005522261
91.0 0.005441666
92.0 0.005364746
93.0 0.005291317
94.0 0.005221207
95.0 0.005154255
96.0 0.005090308
97.0 0.005029221
98.0 0.004970856
99.0 0.004915086
100.0 0.004861788
101.0 0.004810845
102.0 0.004762148
103.0 0.004715592
104.0 0.004671077
105.0 0.004628511
106.0 0.004587803
107.0 0.004548868
108.0 0.004511626
109.0 0.004475999
110.0 0.004441915
111.0 0.004409302
112.0 0.004378096
113.0 0.004348233
114.0 0.004319652
115.0 0.004292297
116.0 0.004266112
117.0 0.004241045
118.0 0.004217047
119.0 0.00419407
120.0 0.004172068
121.0 0.004150997
122.0 0.004130818
123.0 0.004111489
124.0 0.004092974
125.0 0.004075235
126.0 0.004058238
127.0 0.004041951
128.0 0.004026341
129.0 0.004011376
130.0 0.003997028
131.0 0.003983271
132.0 0.00397008
133.0 0.003957428
134.0 0.003945293
135.0 0.003933651
136.0 0.003922481
137.0 0.003911763
138.0 0.003901476
139.0 0.0038916
140.0 0.003882118
141.0 0.003873012
142.0 0.003864265
143.0 0.003855862
144.0 0.003847787
145.0 0.003840028
146.0 0.003832568
147.0 0.003825395
148.0 0.003818497
149.0 0.00381186
150.0 0.003805474
151.0 0.003799327
152.0 0.003793409
153.0 0.00378771
154.0 0.003782219
155.0 0.003776928
156.0 0.003771827
157.0 0.003766908
158.0 0.003762163
159.0 0.003757584
160.0 0.003753164
161.0 0.003748895
162.0 0.00374477
163.0 0.003740783
164.0 0.003736928
165.0 0.003733198
166.0 0.003729588
167.0 0.003726092
168.0 0.003722705
169.0 0.003719421
170.0 0.003716237
171.0 0.003713147
172.0 0.003710146
173.0 0.003707232
174.0 0.003704398
175.0 0.003701642
176.0 0.003698959
177.0 0.003696345
178.0 0.003693798
179.0 0.003691313
180.0 0.003688889
181.0 0.003686521
182.0 0.003684207
183.0 0.003681943
184.0 0.003679728
185.0 0.003677557
186.0 0.003675429
187.0 0.00367334
188.0 0.00367129
189.0 0.003669275
190.0 0.003667293
191.0 0.003665342
192.0 0.003663418
193.0 0.003661521
194.0 0.00365965
195.0 0.003657801
196.0 0.003655973
197.0 0.003654164
198.0 0.003652371
199.0 0.003650595
200.0 0.003648831
201.0 0.00364708
202.0 0.00364534
203.0 0.003643609
204.0 0.003641886
205.0 0.00364017
206.0 0.003638459
207.0 0.003636752
208.0 0.00363505
209.0 0.00363335
210.0 0.00363165
211.0 0.003629949
212.0 0.003628244
213.0 0.003626536
214.0 0.003624821
215.0 0.003623098
216.0 0.00362137
217.0 0.003619631
218.0 0.003617884
219.0 0.003616127
220.0 0.003614359
221.0 0.003612579
222.0 0.003610786
223.0 0.003608979
224.0 0.003607157
225.0 0.00360532
226.0 0.003603464
227.0 0.00360159
228.0 0.003599697
229.0 0.003597781
230.0 0.003595841
231.0 0.003593877
232.0 0.003591887
233.0 0.003589873
234.0 0.003587834
235.0 0.003585765
236.0 0.003583668
237.0 0.003581541
238.0 0.003579385
239.0 0.0035772
240.0 0.003574982
241.0 0.003572732
242.0 0.003570448
243.0 0.00356813
244.0 0.003565776
245.0 0.003563386
246.0 0.003560955
247.0 0.003558483
248.0 0.003555971
249.0 0.003553417
250.0 0.003550821
251.0 0.003548182
252.0 0.003545497
253.0 0.003542764
254.0 0.003539982
255.0 0.003537148
256.0 0.003534263
257.0 0.003531325
258.0 0.003528332
259.0 0.003525286
260.0 0.003522186
261.0 0.003519027
262.0 0.003515808
263.0 0.003512531
264.0 0.003509194
265.0 0.003505795
266.0 0.003502331
267.0 0.003498802
268.0 0.003495207
269.0 0.003491545
270.0 0.003487813
271.0 0.00348401
272.0 0.003480135
273.0 0.003476187
274.0 0.003472162
275.0 0.003468063
276.0 0.003463889
277.0 0.003459637
278.0 0.003455305
279.0 0.003450891
280.0 0.003446394
281.0 0.003441814
282.0 0.003437148
283.0 0.003432394
284.0 0.003427549
285.0 0.003422615
286.0 0.003417589
287.0 0.003412468
288.0 0.003407252
289.0 0.003401939
290.0 0.003396525
291.0 0.003391008
292.0 0.003385386
293.0 0.00337966
294.0 0.003373827
295.0 0.003367883
296.0 0.003361824
297.0 0.003355649
298.0 0.003349361
299.0 0.003342959
300.0 0.00333644
301.0 0.003329802
302.0 0.003323044
303.0 0.003316162
304.0 0.003309156
305.0 0.003302023
306.0 0.003294762
307.0 0.00328737
308.0 0.003279848
309.0 0.00327219
310.0 0.003264396
311.0 0.003256466
312.0 0.003248398
313.0 0.003240191
314.0 0.003231843
315.0 0.003223349
316.0 0.00321471
317.0 0.003205924
318.0 0.003196992
319.0 0.003187908
320.0 0.003178673
321.0 0.003169282
322.0 0.003159733
323.0 0.003150023
324.0 0.003140156
325.0 0.003130128
326.0 0.003119934
327.0 0.003109575
328.0 0.003099053
329.0 0.003088365
330.0 0.003077507
331.0 0.003066479
332.0 0.00305528
333.0 0.003043908
334.0 0.003032361
335.0 0.00302064
336.0 0.003008737
337.0 0.002996652
338.0 0.002984391
339.0 0.002971952
340.0 0.002959332
341.0 0.002946528
342.0 0.002933544
343.0 0.002920378
344.0 0.002907034
345.0 0.002893508
346.0 0.0028798
347.0 0.002865914
348.0 0.002851848
349.0 0.002837603
350.0 0.002823179
351.0 0.002808576
352.0 0.002793794
353.0 0.002778833
354.0 0.002763693
355.0 0.002748376
356.0 0.002732881
357.0 0.002717212
358.0 0.002701368
359.0 0.002685353
360.0 0.002669167
361.0 0.00265281
362.0 0.002636283
363.0 0.002619587
364.0 0.002602724
365.0 0.002585697
366.0 0.002568507
367.0 0.002551156
368.0 0.002533647
369.0 0.00251598
370.0 0.002498156
371.0 0.00248018
372.0 0.002462055
373.0 0.002443785
374.0 0.002425371
375.0 0.002406815
376.0 0.002388123
377.0 0.002369295
378.0 0.002350337
379.0 0.00233125
380.0 0.002312036
381.0 0.002292702
382.0 0.00227325
383.0 0.002253686
384.0 0.002234012
385.0 0.002214232
386.0 0.00219435
387.0 0.002174372
388.0 0.002154301
389.0 0.002134139
390.0 0.002113894
391.0 0.00209357
392.0 0.002073171
393.0 0.002052701
394.0 0.002032168
395.0 0.002011574
396.0 0.001990928
397.0 0.001970233
398.0 0.001949493
399.0 0.001928712
400.0 0.001907898
401.0 0.001887056
402.0 0.00186619
403.0 0.001845306
404.0 0.001824407
405.0 0.0018035
406.0 0.00178259
407.0 0.001761683
408.0 0.001740782
409.0 0.001719894
410.0 0.001699023
411.0 0.001678173
412.0 0.00165735
413.0 0.001636559
414.0 0.001615804
415.0 0.00159509
416.0 0.001574421
417.0 0.001553803
418.0 0.001533242
419.0 0.001512741
420.0 0.001492305
421.0 0.00147194
422.0 0.001451651
423.0 0.001431442
424.0 0.001411318
425.0 0.001391284
426.0 0.001371346
427.0 0.001351508
428.0 0.001331776
429.0 0.001312153
430.0 0.001292645
431.0 0.001273256
432.0 0.001253991
433.0 0.001234856
434.0 0.001215854
435.0 0.001196992
436.0 0.001178274
437.0 0.001159704
438.0 0.001141286
439.0 0.001123025
440.0 0.001104926
441.0 0.00108699
442.0 0.001069223
443.0 0.001051627
444.0 0.001034207
445.0 0.001016966
446.0 9.999064E-4
447.0 9.830308E-4
448.0 9.663415E-4
449.0 9.498405E-4
450.0 9.335302E-4
451.0 9.17413E-4
452.0 9.014902E-4
453.0 8.857631E-4
454.0 8.702329E-4
455.0 8.549009E-4
456.0 8.397678E-4
457.0 8.248339E-4
458.0 8.100995E-4
459.0 7.955646E-4
460.0 7.812291E-4
461.0 7.670929E-4
462.0 7.531558E-4
463.0 7.394172E-4
464.0 7.258767E-4
465.0 7.125332E-4
466.0 6.993861E-4
467.0 6.864342E-4
468.0 6.736768E-4
469.0 6.611125E-4
470.0 6.487401E-4
471.0 6.365584E-4
472.0 6.245661E-4
473.0 6.127618E-4
474.0 6.011441E-4
475.0 5.897115E-4
476.0 5.784625E-4
477.0 5.673953E-4
478.0 5.565084E-4
479.0 5.458E-4
480.0 5.352684E-4
481.0 5.249117E-4
482.0 5.147282E-4
483.0 5.047161E-4
484.0 4.948734E-4
485.0 4.851982E-4
486.0 4.756887E-4
487.0 4.66343E-4
488.0 4.571592E-4
489.0 4.481352E-4
490.0 4.392691E-4
491.0 4.305589E-4
492.0 4.220028E-4
493.0 4.135985E-4
494.0 4.053443E-4
495.0 3.972381E-4
496.0 3.89278E-4
497.0 3.814619E-4
498.0 3.737879E-4
499.0 3.66254E-4
500.0 3.588582E-4
501.0 3.515984E-4
502.0 3.444729E-4
503.0 3.374795E-4
504.0 3.306164E-4
505.0 3.238815E-4
506.0 3.172729E-4
507.0 3.107887E-4
508.0 3.044271E-4
509.0 2.98186E-4
510.0 2.920636E-4
511.0 2.86058E-4
512.0 2.801673E-4
513.0 2.743898E-4
514.0 2.687235E-4
515.0 2.631667E-4
516.0 2.577175E-4
517.0 2.523741E-4
518.0 2.471349E-4
519.0 2.41998E-4
520.0 2.369616E-4
521.0 2.320242E-4
522.0 2.27184E-4
523.0 2.224393E-4
524.0 2.177884E-4
525.0 2.132298E-4
526.0 2.087617E-4
527.0 2.043827E-4
528.0 2.00091E-4
529.0 1.958853E-4
530.0 1.917638E-4
531.0 1.877252E-4
532.0 1.837678E-4
533.0 1.798903E-4
534.0 1.760912E-4
535.0 1.72369E-4
536.0 1.687223E-4
537.0 1.651497E-4
538.0 1.616498E-4
539.0 1.582213E-4
540.0 1.548629E-4
541.0 1.515731E-4
542.0 1.483508E-4
543.0 1.451947E-4
544.0 1.421034E-4
545.0 1.390757E-4
546.0 1.361105E-4
547.0 1.332066E-4
548.0 1.303627E-4
549.0 1.275776E-4
550.0 1.248504E-4
551.0 1.221797E-4
552.0 1.195646E-4
553.0 1.170039E-4
554.0 1.144966E-4
555.0 1.120416E-4
556.0 1.096379E-4
557.0 1.072844E-4
558.0 1.049803E-4
559.0 1.027244E-4
560.0 1.005159E-4
561.0 9.835381E-5
562.0 9.623717E-5
563.0 9.416509E-5
564.0 9.213668E-5
565.0 9.015105E-5
566.0 8.820735E-5
567.0 8.630472E-5
568.0 8.444232E-5
569.0 8.261935E-5
570.0 8.083501E-5
571.0 7.908851E-5
572.0 7.737907E-5
573.0 7.570594E-5
574.0 7.406838E-5
575.0 7.246565E-5
576.0 7.089705E-5
577.0 6.936186E-5
578.0 6.785941E-5
579.0 6.638901E-5
580.0 6.495001E-5
581.0 6.354175E-5
582.0 6.216361E-5
583.0 6.081495E-5
584.0 5.949516E-5
585.0 5.820364E-5
586.0 5.69398E-5
587.0 5.570307E-5
588.0 5.449287E-5
589.0 5.330866E-5
590.0 5.214988E-5
591.0 5.1016E-5
592.0 4.990651E-5
593.0 4.882089E-5
594.0 4.775864E-5
595.0 4.671927E-5
596.0 4.57023E-5
597.0 4.470724E-5
598.0 4.373365E-5
599.0 4.278106E-5
600.0 4.184903E-5
601.0 4.093713E-5
602.0 4.004494E-5
603.0 3.917203E-5
604.0 3.831799E-5
605.0 3.748242E-5
606.0 3.666493E-5
607.0 3.586514E-5
608.0 3.508266E-5
609.0 3.431713E-5
610.0 3.356819E-5
611.0 3.283549E-5
612.0 3.211867E-5
613.0 3.14174E-5
614.0 3.073134E-5
615.0 3.006018E-5
616.0 2.940359E-5
617.0 2.876125E-5
618.0 2.813287E-5
619.0 2.751815E-5
620.0 2.691678E-5
621.0 2.632849E-5
622.0 2.575299E-5
623.0 2.519001E-5
624.0 2.463928E-5
625.0 2.410054E-5
626.0 2.357352E-5
627.0 2.305798E-5
628.0 2.255367E-5
629.0 2.206034E-5
630.0 2.157776E-5
631.0 2.11057E-5
632.0 2.064392E-5
633.0 2.019221E-5
634.0 1.975035E-5
635.0 1.931813E-5
636.0 1.889533E-5
637.0 1.848176E-5
638.0 1.807722E-5
639.0 1.768151E-5
640.0 1.729444E-5
641.0 1.691582E-5
642.0 1.654547E-5
643.0 1.61832E-5
644.0 1.582886E-5
645.0 1.548225E-5
646.0 1.514321E-5
647.0 1.481159E-5
648.0 1.448721E-5
649.0 1.416992E-5
650.0 1.385957E-5
651.0 1.355601E-5
652.0 1.325909E-5
653.0 1.296866E-5
654.0 1.268459E-5
655.0 1.240673E-5
656.0 1.213495E-5
657.0 1.186912E-5
658.0 1.16091E-5
659.0 1.135478E-5
660.0 1.110602E-5
661.0 1.086271E-5
662.0 1.062472E-5
663.0 1.039195E-5
664.0 1.016427E-5
665.0 9.941585E-6
666.0 9.723774E-6
667.0 9.510733E-6
668.0 9.302359E-6
669.0 9.098552E-6
670.0 8.899209E-6
671.0 8.704233E-6
672.0 8.513529E-6
673.0 8.327005E-6
674.0 8.144568E-6
675.0 7.96613E-6
676.0 7.791605E-6
677.0 7.620905E-6
678.0 7.453946E-6
679.0 7.290647E-6
680.0 7.13093E-6
681.0 6.974713E-6
682.0 6.821923E-6
683.0 6.672485E-6
684.0 6.526324E-6
685.0 6.383369E-6
686.0 6.243548E-6
687.0 6.106794E-6
688.0 5.97304E-6
689.0 5.842217E-6
690.0 5.714263E-6
691.0 5.589116E-6
692.0 5.466713E-6
693.0 5.346996E-6
694.0 5.229906E-6
695.0 5.115384E-6
696.0 5.003376E-6
697.0 4.893825E-6
698.0 4.786677E-6
699.0 4.68188E-6
700.0 4.579382E-6
701.0 4.479134E-6
702.0 4.381085E-6
703.0 4.285187E-6
704.0 4.191393E-6
705.0 4.099657E-6
706.0 4.009933E-6
707.0 3.922177E-6
708.0 3.836347E-6
709.0 3.7524E-6
710.0 3.670295E-6
711.0 3.589992E-6
712.0 3.511451E-6
713.0 3.434634E-6
714.0 3.359502E-6
715.0 3.286019E-6
716.0 3.214149E-6
717.0 3.143857E-6
718.0 3.075107E-6
719.0 3.007866E-6
720.0 2.9421E-6
721.0 2.877776E-6
722.0 2.814863E-6
723.0 2.753331E-6
724.0 2.693149E-6
725.0 2.634287E-6
726.0 2.576716E-6
727.0 2.520409E-6
728.0 2.465339E-6
729.0 2.411476E-6
730.0 2.358795E-6
731.0 2.30727E-6
732.0 2.256876E-6
733.0 2.207587E-6
734.0 2.159381E-6
735.0 2.112232E-6
736.0 2.066117E-6
737.0 2.021014E-6
738.0 1.9769E-6
739.0 1.933755E-6
740.0 1.891556E-6
741.0 1.850283E-6
742.0 1.809916E-6
743.0 1.770434E-6
744.0 1.731818E-6
745.0 1.69405E-6
746.0 1.65711E-6
747.0 1.62098E-6
748.0 1.585643E-6
749.0 1.551028E-6
750.0 1.517174E-6
751.0 1.484064E-6
752.0 1.451682E-6
753.0 1.420009E-6
754.0 1.389034E-6
755.0 1.358739E-6
756.0 1.32911E-6
757.0 1.300131E-6
758.0 1.271787E-6
759.0 1.244065E-6
760.0 1.216951E-6
761.0 1.190431E-6
762.0 1.164493E-6
763.0 1.139123E-6
764.0 1.11431E-6
765.0 1.090042E-6
766.0 1.066306E-6
767.0 1.043091E-6
768.0 1.020386E-6
769.0 9.981788E-7
770.0 9.984233E-7
771.0 9.986735E-7
772.0 9.989315E-7
773.0 9.99203E-7
774.0 9.994839E-7
775.0 9.997678E-7
776.0 1.000058E-6
777.0 9.779782E-7
778.0 9.782332E-7
779.0 9.784991E-7
780.0 9.787719E-7
781.0 9.790485E-7
782.0 9.793299E-7
783.0 9.79615E-7
784.0 9.799047E-7
785.0 9.801954E-7
786.0 9.804877E-7
787.0 9.807814E-7
788.0 9.810753E-7
789.0 9.813691E-7
790.0 9.816634E-7
791.0 9.819581E-7
792.0 9.822533E-7
793.0 9.825477E-7
794.0 9.828427E-7
795.0 9.831372E-7
796.0 9.834306E-7
797.0 9.837237E-7
798.0 9.840163E-7
799.0 9.843079E-7
800.0 9.845986E-7
801.0 9.848887E-7
802.0 9.851785E-7
803.0 9.854675E-7
804.0 9.857552E-7
805.0 9.860414E-7
806.0 9.863265E-7
807.0 9.866106E-7
808.0 9.86894E-7
809.0 9.871757E-7
810.0 9.874562E-7
811.0 9.877356E-7
812.0 9.880135E-7
813.0 9.882899E-7
814.0 9.88565E-7
815.0 9.888387E-7
816.0 9.891112E-7
817.0 9.893829E-7
818.0 9.896536E-7
819.0 9.899234E-7
820.0 9.901917E-7
821.0 9.904586E-7
822.0 9.90724E-7
823.0 9.90988E-7
824.0 9.912508E-7
825.0 9.915124E-7
826.0 9.91773E-7
827.0 9.920321E-7
828.0 9.922898E-7
829.0 9.925459E-7
830.0 9.928009E-7
831.0 9.930546E-7
832.0 9.933073E-7
833.0 9.935591E-7
834.0 9.938095E-7
835.0 9.940587E-7
836.0 9.943066E-7
837.0 9.945531E-7
838.0 9.947987E-7
839.0 9.950429E-7
840.0 9.952856E-7
841.0 9.95527E-7
842.0 9.957672E-7
843.0 9.96006E-7
844.0 9.962434E-7
845.0 9.964797E-7
846.0 9.967148E-7
847.0 9.969486E-7
848.0 9.971811E-7
849.0 9.974125E-7
850.0 9.976426E-7
851.0 9.978716E-7
852.0 9.980994E-7
853.0 9.983261E-7
854.0 9.985516E-7
855.0 9.98776E-7
856.0 9.989993E-7
857.0 9.992214E-7
858.0 9.99442E-7
859.0 9.996616E-7
860.0 9.998797E-7
861.0 1.000097E-6
862.0 9.723633E-7
863.0 9.72559E-7
864.0 9.727534E-7
865.0 9.72947E-7
866.0 9.731399E-7
867.0 9.733317E-7
868.0 9.735228E-7
869.0 9.737138E-7
870.0 9.73904E-7
871.0 9.740935E-7
872.0 9.742822E-7
873.0 9.744704E-7
874.0 9.746574E-7
875.0 9.748436E-7
876.0 9.750291E-7
877.0 9.752137E-7
878.0 9.753973E-7
879.0 9.7558E-7
880.0 9.757614E-7
881.0 9.759419E-7
882.0 9.761217E-7
883.0 9.76301E-7
884.0 9.76479E-7
885.0 9.766563E-7
886.0 9.768329E-7
887.0 9.770087E-7
888.0 9.771836E-7
889.0 9.773574E-7
890.0 9.775302E-7
891.0 9.777019E-7
892.0 9.778726E-7
893.0 9.780424E-7
894.0 9.782113E-7
895.0 9.7838E-7
896.0 9.785475E-7
897.0 9.787142E-7
898.0 9.7888E-7
899.0 9.79045E-7
900.0 9.792095E-7
901.0 9.793731E-7
902.0 9.795361E-7
903.0 9.796983E-7
904.0 9.798595E-7
905.0 9.800198E-7
906.0 9.801794E-7
907.0 9.803382E-7
908.0 9.804962E-7
909.0 9.806535E-7
910.0 9.808098E-7
911.0 9.809653E-7
912.0 9.811199E-7
913.0 9.812738E-7
914.0 9.814271E-7
915.0 9.815795E-7
916.0 9.817311E-7
917.0 9.81882E-7
918.0 9.820321E-7
919.0 9.821816E-7
920.0 9.823303E-7
921.0 9.824782E-7
922.0 9.826252E-7
923.0 9.827716E-7
924.0 9.829168E-7
925.0 9.830615E-7
926.0 9.83205E-7
927.0 9.833477E-7
928.0 9.834897E-7
929.0 9.836309E-7
930.0 9.837715E-7
931.0 9.839114E-7
932.0 9.840506E-7
933.0 9.841891E-7
934.0 9.84327E-7
935.0 9.844642E-7
936.0 9.846009E-7
937.0 9.847369E-7
938.0 9.848721E-7
939.0 9.850069E-7
940.0 9.851408E-7
941.0 9.852738E-7
942.0 9.854061E-7
943.0 9.855376E-7
944.0 9.856683E-7
945.0 9.857984E-7
946.0 9.859275E-7
947.0 9.860559E-7
948.0 9.861837E-7
949.0 9.863109E-7
950.0 9.864374E-7
951.0 9.865634E-7
952.0 9.866886E-7
953.0 9.868131E-7
954.0 9.86937E-7
955.0 9.870602E-7
956.0 9.871827E-7
957.0 9.873044E-7
958.0 9.874254E-7
959.0 9.875457E-7
960.0 9.876653E-7
961.0 9.877842E-7
962.0 9.879024E-7
963.0 9.8802E-7
964.0 9.881371E-7
965.0 9.882534E-7
966.0 9.883692E-7
967.0 9.884843E-7
968.0 9.885988E-7
969.0 9.887127E-7
970.0 9.88826E-7
971.0 9.889386E-7
972.0 9.890508E-7
973.0 9.891623E-7
974.0 9.892733E-7
975.0 9.893836E-7
976.0 9.894932E-7
977.0 9.896021E-7
978.0 9.897104E-7
979.0 9.898181E-7
980.0 9.899251E-7
981.0 9.900315E-7
982.0 9.901376E-7
983.0 9.902428E-7
984.0 9.903476E-7
985.0 9.904518E-7
986.0 9.905555E-7
987.0 9.906586E-7
988.0 9.907611E-7
989.0 9.908631E-7
990.0 9.909645E-7
991.0 9.910653E-7
992.0 9.911656E-7
993.0 9.912654E-7
994.0 9.913645E-7
995.0 9.914631E-7
996.0 9.91561E-7
997.0 9.916585E-7
998.0 9.917553E-7
999.0 9.918517E-7
1000.0 9.919474E-7
