1.0 1.0
2.0 0.1740102
3.0 0.0816283
4.0 0.0279275
5.0 0.0106976
6.0 0.02632585
7.0 0.02244554
8.0 0.006473982
9.0 0.009205331
10.0 0.01142726
11.0 0.007163197
12.0 0.003100515
13.0 0.003884764
14.0 0.003825129
15.0 0.002920234
16.0 0.002580503
17.0 0.002684176
18.0 0.002541345
19.0 0.002368363
20.0 0.002299221
21.0 0.002249468
22.0 0.002175762
23.0 0.002108074
24.0 0.002055745
25.0 0.002007741
26.0 0.001960936
27.0 0.001916567
28.0 0.001874626
29.0 0.001834076
30.0 0.001795306
31.0 0.001758828
32.0 0.001724539
33.0 0.001692113
34.0 0.001661295
35.0 0.00163191
36.0 0.00160385
37.0 0.4204319
38.0 0.06803531
39.0 0.02087054
40.0 0.09521263
41.0 0.1842122
42.0 0.1472161
43.0 0.1003175
44.0 0.07194291
45.0 0.03202678
46.0 0.006647701
47.0 0.01637491
48.0 0.01973858
49.0 0.01072106
50.0 0.003816228
51.0 0.007163632
52.0 0.005776056
53.0 0.002533479
54.0 0.001950971
55.0 0.002665279
56.0 0.002076956
57.0 0.001275181
58.0 0.001244504
59.0 0.00124543
60.0 0.001025386
61.0 8.683569E-4
62.0 8.327456E-4
63.0 7.875762E-4
64.0 7.199408E-4
65.0 6.735519E-4
66.0 6.39255E-4
67.0 6.017036E-4
68.0 5.65562E-4
69.0 5.35796E-4
70.0 5.100619E-4
71.0 4.862379E-4
72.0 4.644481E-4
73.0 4.445821E-4
74.0 4.261011E-4
75.0 4.089627E-4
76.0 3.932501E-4
77.0 3.788786E-4
78.0 3.656422E-4
79.0 3.533785E-4
80.0 3.419666E-4
81.0 3.313019E-4
82.0 3.213162E-4
83.0 3.119511E-4
84.0 3.031517E-4
85.0 2.948624E-4
86.0 2.870253E-4
87.0 2.795899E-4
88.0 2.725166E-4
89.0 2.657746E-4
90.0 2.593381E-4
91.0 2.531868E-4
92.0 2.472924E-4
93.0 2.416361E-4
94.0 2.362E-4
95.0 2.309684E-4
96.0 2.259283E-4
97.0 2.210682E-4
98.0 2.163783E-4
99.0 2.118469E-4
100.0 2.074659E-4
101.0 2.03228E-4
102.0 1.991265E-4
103.0 1.951543E-4
104.0 1.913039E-4
105.0 1.8757E-4
106.0 1.839469E-4
107.0 1.8043E-4
108.0 1.770127E-4
109.0 1.736923E-4
110.0 1.704658E-4
111.0 1.673277E-4
112.0 1.642745E-4
113.0 1.613026E-4
114.0 1.584096E-4
115.0 1.555922E-4
116.0 1.528476E-4
117.0 1.501729E-4
118.0 1.475649E-4
119.0 1.450218E-4
120.0 1.42541E-4
121.0 1.401207E-4
122.0 1.377592E-4
123.0 1.35454E-4
124.0 1.33203E-4
125.0 1.310049E-4
126.0 1.28858E-4
127.0 1.267605E-4
128.0 1.247106E-4
129.0 1.227065E-4
130.0 1.207471E-4
131.0 1.188308E-4
132.0 1.169569E-4
133.0 1.151242E-4
134.0 1.133305E-4
135.0 1.115747E-4
136.0 1.09856E-4
137.0 1.081732E-4
138.0 1.065258E-4
139.0 1.049124E-4
140.0 1.033322E-4
141.0 1.017842E-4
142.0 1.002674E-4
143.0 9.878161E-5
144.0 9.732541E-5
145.0 9.589824E-5
146.0 9.449943E-5
147.0 9.312822E-5
148.0 9.178406E-5
149.0 9.046602E-5
150.0 8.917339E-5
151.0 8.790577E-5
152.0 8.6663E-5
153.0 8.544424E-5
154.0 8.424869E-5
155.0 8.307571E-5
156.0 8.192505E-5
157.0 8.079589E-5
158.0 7.968791E-5
159.0 7.860057E-5
160.0 7.753344E-5
161.0 7.648603E-5
162.0 7.545792E-5
163.0 7.444858E-5
164.0 7.345764E-5
165.0 7.248521E-5
166.0 7.152902E-5
167.0 7.059033E-5
168.0 6.966959E-5
169.0 6.876418E-5
170.0 6.787593E-5
171.0 6.700303E-5
172.0 6.614465E-5
173.0 6.530254E-5
174.0 6.447471E-5
175.0 6.36609E-5
176.0 6.286102E-5
177.0 6.207508E-5
178.0 6.130277E-5
179.0 6.054371E-5
180.0 5.979756E-5
181.0 5.90641E-5
182.0 5.8343E-5
183.0 5.763417E-5
184.0 5.693732E-5
185.0 5.625208E-5
186.0 5.557812E-5
187.0 5.491547E-5
188.0 5.426389E-5
189.0 5.362297E-5
190.0 5.29927E-5
191.0 5.237281E-5
192.0 5.17631E-5
193.0 5.116328E-5
194.0 5.057316E-5
195.0 4.999251E-5
196.0 4.942116E-5
197.0 4.885897E-5
198.0 4.830585E-5
199.0 4.776154E-5
200.0 4.722579E-5
201.0 4.669855E-5
202.0 4.617958E-5
203.0 4.566871E-5
204.0 4.516566E-5
205.0 4.467027E-5
206.0 4.418253E-5
207.0 4.370231E-5
208.0 4.32294E-5
209.0 4.276369E-5
210.0 4.230504E-5
211.0 4.185326E-5
212.0 4.140834E-5
213.0 4.097009E-5
214.0 4.053839E-5
215.0 4.011309E-5
216.0 3.969414E-5
217.0 3.928131E-5
218.0 3.887448E-5
219.0 3.847355E-5
220.0 3.807844E-5
221.0 3.768898E-5
222.0 3.730512E-5
223.0 3.692681E-5
224.0 3.65539E-5
225.0 3.618637E-5
226.0 3.582407E-5
227.0 3.546685E-5
228.0 3.511463E-5
229.0 3.476732E-5
230.0 3.442478E-5
231.0 3.408695E-5
232.0 3.375379E-5
233.0 3.342518E-5
234.0 3.310102E-5
235.0 3.27813E-5
236.0 3.24659E-5
237.0 3.215472E-5
238.0 3.18477E-5
239.0 3.154481E-5
240.0 3.124588E-5
241.0 3.095093E-5
242.0 3.065984E-5
243.0 3.037249E-5
244.0 3.008883E-5
245.0 2.980884E-5
246.0 2.953247E-5
247.0 2.925965E-5
248.0 2.899026E-5
249.0 2.872426E-5
250.0 2.846167E-5
251.0 2.820244E-5
252.0 2.794638E-5
253.0 2.769345E-5
254.0 2.74436E-5
255.0 2.719682E-5
256.0 2.695308E-5
257.0 2.671233E-5
258.0 2.647447E-5
259.0 2.623947E-5
260.0 2.600734E-5
261.0 2.577783E-5
262.0 2.555116E-5
263.0 2.53271E-5
264.0 2.510571E-5
265.0 2.488705E-5
266.0 2.467107E-5
267.0 2.445762E-5
268.0 2.424656E-5
269.0 2.403782E-5
270.0 2.383137E-5
271.0 2.362723E-5
272.0 2.342537E-5
273.0 2.322585E-5
274.0 2.302868E-5
275.0 2.28338E-5
276.0 2.264115E-5
277.0 2.24506E-5
278.0 2.226208E-5
279.0 2.20756E-5
280.0 2.189117E-5
281.0 2.170875E-5
282.0 2.152834E-5
283.0 2.134994E-5
284.0 2.117351E-5
285.0 2.099899E-5
286.0 2.082633E-5
287.0 2.065549E-5
288.0 2.048645E-5
289.0 2.031917E-5
290.0 2.015367E-5
291.0 1.99899E-5
292.0 1.982788E-5
293.0 1.966757E-5
294.0 1.950891E-5
295.0 1.935189E-5
296.0 1.919647E-5
297.0 1.904262E-5
298.0 1.889034E-5
299.0 1.873959E-5
300.0 1.859036E-5
301.0 1.844266E-5
302.0 1.829642E-5
303.0 1.815164E-5
304.0 1.800831E-5
305.0 1.78664E-5
306.0 1.772588E-5
307.0 1.758675E-5
308.0 1.744897E-5
309.0 1.731255E-5
310.0 1.717746E-5
311.0 1.704367E-5
312.0 1.691118E-5
313.0 1.677999E-5
314.0 1.665008E-5
315.0 1.652142E-5
316.0 1.639399E-5
317.0 1.626777E-5
318.0 1.614274E-5
319.0 1.601889E-5
320.0 1.589621E-5
321.0 1.577468E-5
322.0 1.565429E-5
323.0 1.553502E-5
324.0 1.541685E-5
325.0 1.529977E-5
326.0 1.518378E-5
327.0 1.506887E-5
328.0 1.495502E-5
329.0 1.484222E-5
330.0 1.473044E-5
331.0 1.461967E-5
332.0 1.450991E-5
333.0 1.440114E-5
334.0 1.429335E-5
335.0 1.418654E-5
336.0 1.408069E-5
337.0 1.39758E-5
338.0 1.387184E-5
339.0 1.37688E-5
340.0 1.366668E-5
341.0 1.356545E-5
342.0 1.346511E-5
343.0 1.336567E-5
344.0 1.32671E-5
345.0 1.31694E-5
346.0 1.307254E-5
347.0 1.297654E-5
348.0 1.288137E-5
349.0 1.278702E-5
350.0 1.269349E-5
351.0 1.260078E-5
352.0 1.250886E-5
353.0 1.241773E-5
354.0 1.232739E-5
355.0 1.22378E-5
356.0 1.214899E-5
357.0 1.206093E-5
358.0 1.197363E-5
359.0 1.188707E-5
360.0 1.180125E-5
361.0 1.171614E-5
362.0 1.163175E-5
363.0 1.154807E-5
364.0 1.146509E-5
365.0 1.13828E-5
366.0 1.130118E-5
367.0 1.122025E-5
368.0 1.114E-5
369.0 1.10604E-5
370.0 1.098147E-5
371.0 1.090318E-5
372.0 1.082555E-5
373.0 1.074855E-5
374.0 1.067218E-5
375.0 1.059644E-5
376.0 1.052132E-5
377.0 1.044682E-5
378.0 1.037292E-5
379.0 1.029962E-5
380.0 1.022691E-5
381.0 1.015479E-5
382.0 1.008325E-5
383.0 1.00123E-5
384.0 9.941912E-6
385.0 9.872095E-6
386.0 9.802841E-6
387.0 9.734141E-6
388.0 9.665993E-6
389.0 9.598386E-6
390.0 9.531318E-6
391.0 9.464782E-6
392.0 9.398775E-6
393.0 9.333291E-6
394.0 9.268331E-6
395.0 9.203883E-6
396.0 9.139944E-6
397.0 9.076513E-6
398.0 9.013581E-6
399.0 8.951148E-6
400.0 8.889208E-6
401.0 8.827757E-6
402.0 8.766786E-6
403.0 8.706286E-6
404.0 8.646257E-6
405.0 8.5867E-6
406.0 8.527607E-6
407.0 8.468974E-6
408.0 8.410795E-6
409.0 8.353061E-6
410.0 8.29577E-6
411.0 8.238923E-6
412.0 8.182513E-6
413.0 8.126534E-6
414.0 8.070984E-6
415.0 8.015861E-6
416.0 7.961159E-6
417.0 7.906872E-6
418.0 7.853E-6
419.0 7.799537E-6
420.0 7.746484E-6
421.0 7.693834E-6
422.0 7.641584E-6
423.0 7.589731E-6
424.0 7.53827E-6
425.0 7.487199E-6
426.0 7.436512E-6
427.0 7.386209E-6
428.0 7.336287E-6
429.0 7.286739E-6
430.0 7.237562E-6
431.0 7.188751E-6
432.0 7.140305E-6
433.0 7.092223E-6
434.0 7.044499E-6
435.0 6.997129E-6
436.0 6.950114E-6
437.0 6.903447E-6
438.0 6.857125E-6
439.0 6.811149E-6
440.0 6.765514E-6
441.0 6.720217E-6
442.0 6.675256E-6
443.0 6.630626E-6
444.0 6.586321E-6
445.0 6.54234E-6
446.0 6.498684E-6
447.0 6.45535E-6
448.0 6.412332E-6
449.0 6.369627E-6
450.0 6.327236E-6
451.0 6.285158E-6
452.0 6.243388E-6
453.0 6.201922E-6
454.0 6.160758E-6
455.0 6.119894E-6
456.0 6.07933E-6
457.0 6.039061E-6
458.0 5.999088E-6
459.0 5.959404E-6
460.0 5.920005E-6
461.0 5.88089E-6
462.0 5.842059E-6
463.0 5.803508E-6
464.0 5.765233E-6
465.0 5.727234E-6
466.0 5.689512E-6
467.0 5.652064E-6
468.0 5.614883E-6
469.0 5.57797E-6
470.0 5.54132E-6
471.0 5.504933E-6
472.0 5.468809E-6
473.0 5.432945E-6
474.0 5.397336E-6
475.0 5.361982E-6
476.0 5.32688E-6
477.0 5.292032E-6
478.0 5.257431E-6
479.0 5.223078E-6
480.0 5.188971E-6
481.0 5.155107E-6
482.0 5.121481E-6
483.0 5.088095E-6
484.0 5.054947E-6
485.0 5.022036E-6
486.0 4.98936E-6
487.0 4.956915E-6
488.0 4.924701E-6
489.0 4.892716E-6
490.0 4.860958E-6
491.0 4.829423E-6
492.0 4.798112E-6
493.0 4.767021E-6
494.0 4.736149E-6
495.0 4.705495E-6
496.0 4.675058E-6
497.0 4.644836E-6
498.0 4.614827E-6
499.0 4.585026E-6
500.0 4.555435E-6
501.0 4.526051E-6
502.0 4.496874E-6
503.0 4.467901E-6
504.0 4.43913E-6
505.0 4.410562E-6
506.0 4.382196E-6
507.0 4.354029E-6
508.0 4.326059E-6
509.0 4.298284E-6
510.0 4.270703E-6
511.0 4.243223E-6
512.0 4.216091E-6
513.0 4.189006E-6
514.0 4.162315E-6
515.0 4.135613E-6
516.0 4.109111E-6
517.0 4.082818E-6
518.0 4.056744E-6
519.0 4.030886E-6
520.0 4.00522E-6
521.0 3.979718E-6
522.0 3.954362E-6
523.0 3.929154E-6
524.0 3.904104E-6
525.0 3.879223E-6
526.0 3.85452E-6
527.0 3.830008E-6
528.0 3.805688E-6
529.0 3.781547E-6
530.0 3.757565E-6
531.0 3.733734E-6
532.0 3.710051E-6
533.0 3.686519E-6
534.0 3.663145E-6
535.0 3.639938E-6
536.0 3.616902E-6
537.0 3.594034E-6
538.0 3.571327E-6
539.0 3.548771E-6
540.0 3.526359E-6
541.0 3.504093E-6
542.0 3.481974E-6
543.0 3.460005E-6
544.0 3.438188E-6
545.0 3.416527E-6
546.0 3.395018E-6
547.0 3.373654E-6
548.0 3.352433E-6
549.0 3.33135E-6
550.0 3.310405E-6
551.0 3.2896E-6
552.0 3.268937E-6
553.0 3.248415E-6
554.0 3.228037E-6
555.0 3.207798E-6
556.0 3.187697E-6
557.0 3.16773E-6
558.0 3.147893E-6
559.0 3.128188E-6
560.0 3.108614E-6
561.0 3.089173E-6
562.0 3.069864E-6
563.0 3.050687E-6
564.0 3.031639E-6
565.0 3.012719E-6
566.0 2.993924E-6
567.0 2.975254E-6
568.0 2.956708E-6
569.0 2.938284E-6
570.0 2.919985E-6
571.0 2.901808E-6
572.0 2.883754E-6
573.0 2.865821E-6
574.0 2.848008E-6
575.0 2.830313E-6
576.0 2.812734E-6
577.0 2.79527E-6
578.0 2.777922E-6
579.0 2.760691E-6
580.0 2.743576E-6
581.0 2.726575E-6
582.0 2.709687E-6
583.0 2.692911E-6
584.0 2.676246E-6
585.0 2.65969E-6
586.0 2.643242E-6
587.0 2.626904E-6
588.0 2.610674E-6
589.0 2.594552E-6
590.0 2.578536E-6
591.0 2.562625E-6
592.0 2.54682E-6
593.0 2.531118E-6
594.0 2.51552E-6
595.0 2.500024E-6
596.0 2.484629E-6
597.0 2.469337E-6
598.0 2.454144E-6
599.0 2.439053E-6
600.0 2.42406E-6
601.0 2.409166E-6
602.0 2.394369E-6
603.0 2.379669E-6
604.0 2.365065E-6
605.0 2.350555E-6
606.0 2.33614E-6
607.0 2.32182E-6
608.0 2.307593E-6
609.0 2.293458E-6
610.0 2.279416E-6
611.0 2.265465E-6
612.0 2.251605E-6
613.0 2.237836E-6
614.0 2.224156E-6
615.0 2.210566E-6
616.0 2.197064E-6
617.0 2.18365E-6
618.0 2.170323E-6
619.0 2.157083E-6
620.0 2.143928E-6
621.0 2.130859E-6
622.0 2.117874E-6
623.0 2.104973E-6
624.0 2.092156E-6
625.0 2.079422E-6
626.0 2.06677E-6
627.0 2.0542E-6
628.0 2.041711E-6
629.0 2.029303E-6
630.0 2.016975E-6
631.0 2.004726E-6
632.0 1.992556E-6
633.0 1.980465E-6
634.0 1.968451E-6
635.0 1.956515E-6
636.0 1.944656E-6
637.0 1.932874E-6
638.0 1.921168E-6
639.0 1.909537E-6
640.0 1.897981E-6
641.0 1.886499E-6
642.0 1.87509E-6
643.0 1.863755E-6
644.0 1.852492E-6
645.0 1.841302E-6
646.0 1.830183E-6
647.0 1.819136E-6
648.0 1.808159E-6
649.0 1.797252E-6
650.0 1.786415E-6
651.0 1.775575E-6
652.0 1.764821E-6
653.0 1.754249E-6
654.0 1.743625E-6
655.0 1.733078E-6
656.0 1.722622E-6
657.0 1.712265E-6
658.0 1.702373E-6
659.0 1.692086E-6
660.0 1.681866E-6
661.0 1.671722E-6
662.0 1.661652E-6
663.0 1.651649E-6
664.0 1.641706E-6
665.0 1.63182E-6
666.0 1.621996E-6
667.0 1.612243E-6
668.0 1.602573E-6
669.0 1.592995E-6
670.0 1.583507E-6
671.0 1.574095E-6
672.0 1.56474E-6
673.0 1.555429E-6
674.0 1.546153E-6
675.0 1.536915E-6
676.0 1.527716E-6
677.0 1.518562E-6
678.0 1.509457E-6
679.0 1.500403E-6
680.0 1.491404E-6
681.0 1.482464E-6
682.0 1.473586E-6
683.0 1.464778E-6
684.0 1.456044E-6
685.0 1.447386E-6
686.0 1.438802E-6
687.0 1.43028E-6
688.0 1.421808E-6
689.0 1.413377E-6
690.0 1.404985E-6
691.0 1.396629E-6
692.0 1.388312E-6
693.0 1.380038E-6
694.0 1.371809E-6
695.0 1.363628E-6
696.0 1.355497E-6
697.0 1.34742E-6
698.0 1.339401E-6
699.0 1.331444E-6
700.0 1.323552E-6
701.0 1.315725E-6
702.0 1.307958E-6
703.0 1.300244E-6
704.0 1.292573E-6
705.0 1.284939E-6
706.0 1.277339E-6
707.0 1.269775E-6
708.0 1.262248E-6
709.0 1.25476E-6
710.0 1.247314E-6
711.0 1.239911E-6
712.0 1.232555E-6
713.0 1.225248E-6
714.0 1.217993E-6
715.0 1.210793E-6
716.0 1.20365E-6
717.0 1.196562E-6
718.0 1.189527E-6
719.0 1.182538E-6
720.0 1.175588E-6
721.0 1.168674E-6
722.0 1.161793E-6
723.0 1.154945E-6
724.0 1.148132E-6
725.0 1.141355E-6
726.0 1.134616E-6
727.0 1.127918E-6
728.0 1.121261E-6
729.0 1.114649E-6
730.0 1.108084E-6
731.0 1.101568E-6
732.0 1.095101E-6
733.0 1.088682E-6
734.0 1.082307E-6
735.0 1.075972E-6
736.0 1.069673E-6
737.0 1.063406E-6
738.0 1.057171E-6
739.0 1.050967E-6
740.0 1.044794E-6
741.0 1.038655E-6
742.0 1.03255E-6
743.0 1.026483E-6
744.0 1.020453E-6
745.0 1.014464E-6
746.0 1.008516E-6
747.0 1.002612E-6
748.0 9.967506E-7
749.0 9.977534E-7
750.0 9.997841E-7
751.0 9.994084E-7
752.0 9.95285E-7
753.0 9.898072E-7
754.0 9.835559E-7
755.0 9.7728E-7
756.0 9.716133E-7
757.0 9.667431E-7
758.0 9.625026E-7
759.0 9.583165E-7
760.0 9.543076E-7
761.0 9.50419E-7
762.0 9.464356E-7
763.0 9.422332E-7
764.0 9.378476E-7
765.0 9.333637E-7
766.0 9.288266E-7
767.0 9.242534E-7
768.0 9.196638E-7
769.0 9.150966E-7
770.0 9.105975E-7
771.0 9.061927E-7
772.0 9.018775E-7
773.0 8.976306E-7
774.0 8.934308E-7
775.0 8.892613E-7
776.0 8.851128E-7
777.0 8.809816E-7
778.0 8.768694E-7
779.0 8.727826E-7
780.0 8.687304E-7
781.0 8.647128E-7
782.0 8.607132E-7
783.0 8.567116E-7
784.0 8.526997E-7
785.0 8.486836E-7
786.0 8.446727E-7
787.0 8.406726E-7
788.0 8.366863E-7
789.0 8.327162E-7
790.0 8.287645E-7
791.0 8.248329E-7
792.0 8.209225E-7
793.0 8.170334E-7
794.0 8.131659E-7
795.0 8.093197E-7
796.0 8.054945E-7
797.0 8.016905E-7
798.0 7.979081E-7
799.0 7.941486E-7
800.0 7.904128E-7
801.0 7.867008E-7
802.0 7.830106E-7
803.0 7.793386E-7
804.0 7.756816E-7
805.0 7.720365E-7
806.0 7.684019E-7
807.0 7.647775E-7
808.0 7.611636E-7
809.0 7.575609E-7
810.0 7.539703E-7
811.0 7.503924E-7
812.0 7.468284E-7
813.0 7.432792E-7
814.0 7.397464E-7
815.0 7.362317E-7
816.0 7.327368E-7
817.0 7.292635E-7
818.0 7.258141E-7
819.0 7.223901E-7
820.0 7.189917E-7
821.0 7.156168E-7
822.0 7.122612E-7
823.0 7.089204E-7
824.0 7.055904E-7
825.0 7.022693E-7
826.0 6.989564E-7
827.0 6.956518E-7
828.0 6.923565E-7
829.0 6.890716E-7
830.0 6.857985E-7
831.0 6.825387E-7
832.0 6.792942E-7
833.0 6.760673E-7
834.0 6.728605E-7
835.0 6.696762E-7
836.0 6.66516E-7
837.0 6.6338E-7
838.0 6.602653E-7
839.0 6.57168E-7
840.0 6.540836E-7
841.0 6.510091E-7
842.0 6.479426E-7
843.0 6.448839E-7
844.0 6.41833E-7
845.0 6.387907E-7
846.0 6.357578E-7
847.0 6.327354E-7
848.0 6.297249E-7
849.0 6.267281E-7
850.0 6.237473E-7
851.0 6.207848E-7
852.0 6.178432E-7
853.0 6.149246E-7
854.0 6.120297E-7
855.0 6.091563E-7
856.0 6.063002E-7
857.0 6.034569E-7
858.0 6.00623E-7
859.0 5.977966E-7
860.0 5.949771E-7
861.0 5.921644E-7
862.0 5.893594E-7
863.0 5.865626E-7
864.0 5.837753E-7
865.0 5.809987E-7
866.0 5.782345E-7
867.0 5.754849E-7
868.0 5.727524E-7
869.0 5.700396E-7
870.0 5.673489E-7
871.0 5.646814E-7
872.0 5.620348E-7
873.0 5.594046E-7
874.0 5.567856E-7
875.0 5.541743E-7
876.0 5.515688E-7
877.0 5.489689E-7
878.0 5.463748E-7
879.0 5.437872E-7
880.0 5.412071E-7
881.0 5.386353E-7
882.0 5.36073E-7
883.0 5.335219E-7
884.0 5.309839E-7
885.0 5.284612E-7
886.0 5.259565E-7
887.0 5.234723E-7
888.0 5.210101E-7
889.0 5.185685E-7
890.0 5.161432E-7
891.0 5.137294E-7
892.0 5.113232E-7
893.0 5.089226E-7
894.0 5.06527E-7
895.0 5.041366E-7
896.0 5.017518E-7
897.0 4.993736E-7
898.0 4.970028E-7
899.0 4.946405E-7
900.0 4.922882E-7
901.0 4.899476E-7
902.0 4.876212E-7
903.0 4.853115E-7
904.0 4.830212E-7
905.0 4.807524E-7
906.0 4.785039E-7
907.0 4.762714E-7
908.0 4.740494E-7
909.0 4.718335E-7
910.0 4.69622E-7
911.0 4.674144E-7
912.0 4.652111E-7
913.0 4.630128E-7
914.0 4.608202E-7
915.0 4.586342E-7
916.0 4.564556E-7
917.0 4.542858E-7
918.0 4.521264E-7
919.0 4.499795E-7
920.0 4.478474E-7
921.0 4.457324E-7
922.0 4.436365E-7
923.0 4.415594E-7
924.0 4.394979E-7
925.0 4.374476E-7
926.0 4.354046E-7
927.0 4.333668E-7
928.0 4.313332E-7
929.0 4.293044E-7
930.0 4.272801E-7
931.0 4.252606E-7
932.0 4.232467E-7
933.0 4.212406E-7
934.0 4.192433E-7
935.0 4.172546E-7
936.0 4.15277E-7
937.0 4.133139E-7
938.0 4.113673E-7
939.0 4.094382E-7
940.0 4.075267E-7
941.0 4.056291E-7
942.0 4.037412E-7
943.0 4.01859E-7
944.0 3.999805E-7
945.0 3.981057E-7
946.0 3.962349E-7
947.0 3.943687E-7
948.0 3.925073E-7
949.0 3.906515E-7
950.0 3.888018E-7
951.0 3.869595E-7
952.0 3.85126E-7
953.0 3.833031E-7
954.0 3.814927E-7
955.0 3.796967E-7
956.0 3.779159E-7
957.0 3.761497E-7
958.0 3.743959E-7
959.0 3.726512E-7
960.0 3.709131E-7
961.0 3.6918E-7
962.0 3.674513E-7
963.0 3.657268E-7
964.0 3.64007E-7
965.0 3.622921E-7
966.0 3.60583E-7
967.0 3.588803E-7
968.0 3.571852E-7
969.0 3.554991E-7
970.0 3.538235E-7
971.0 3.521601E-7
972.0 3.505102E-7
973.0 3.488739E-7
974.0 3.472495E-7
975.0 3.456344E-7
976.0 3.440258E-7
977.0 3.424219E-7
978.0 3.40822E-7
979.0 3.39226E-7
980.0 3.376341E-7
981.0 3.360466E-7
982.0 3.344641E-7
983.0 3.328873E-7
984.0 3.31317E-7
985.0 3.297541E-7
986.0 3.282001E-7
987.0 3.266563E-7
988.0 3.251238E-7
989.0 3.236029E-7
990.0 3.220933E-7
991.0 3.205931E-7
992.0 3.191005E-7
993.0 3.176139E-7
994.0 3.161321E-7
995.0 3.146547E-7
996.0 3.131816E-7
997.0 3.11713E-7
998.0 3.102492E-7
999.0 3.087907E-7
1000.0 3.073381E-7
