1.0 1.0
2.0 0.3294098
3.0 0.2107723
4.0 0.09066646
5.0 0.0427704
6.0 0.09703257
7.0 0.09125487
8.0 0.03771251
9.0 0.03160903
10.0 0.04025455
11.0 0.02886629
12.0 0.01414024
13.0 0.01409745
14.0 0.01496541
15.0 0.01140562
16.0 0.00878661
17.0 0.009289964
18.0 0.008839711
19.0 0.007567579
20.0 0.007012498
21.0 0.006862754
22.0 0.006541855
23.0 0.00617995
24.0 0.005959101
25.0 0.005783856
26.0 0.005586751
27.0 0.005405537
28.0 0.005247837
29.0 0.005095643
30.0 0.00494786
31.0 0.004811013
32.0 0.004684208
33.0 0.004564076
34.0 0.004449858
35.0 0.004341399
36.0 0.004238172
37.0 0.8253765
38.0 0.2465317
39.0 0.0781775
40.0 0.1935332
41.0 0.239152
42.0 0.1821381
43.0 0.1523768
44.0 0.1509322
45.0 0.1083446
46.0 0.059595
47.0 0.05895489
48.0 0.06109121
49.0 0.0431927
50.0 0.02765951
51.0 0.02891688
52.0 0.02633775
53.0 0.01932015
54.0 0.01600476
55.0 0.01598575
56.0 0.01450023
57.0 0.01251424
58.0 0.01171778
59.0 0.01115072
60.0 0.01022036
61.0 0.009371354
62.0 0.008812063
63.0 0.008342259
64.0 0.00788637
65.0 0.007490249
66.0 0.007134653
67.0 0.006785654
68.0 0.00645344
69.0 0.006156058
70.0 0.005891615
71.0 0.005652646
72.0 0.005433825
73.0 0.005231095
74.0 0.005041594
75.0 0.004864756
76.0 0.004701108
77.0 0.004550337
78.0 0.004411097
79.0 0.004281918
80.0 0.004161573
81.0 0.004048852
82.0 0.003943013
83.0 0.003843536
84.0 0.003749985
85.0 0.00366177
86.0 0.003578299
87.0 0.003499149
88.0 0.003423813
89.0 0.003351954
90.0 0.003283173
91.0 0.00321727
92.0 0.003154023
93.0 0.003093139
94.0 0.003034449
95.0 0.002977746
96.0 0.002922869
97.0 0.002869711
98.0 0.002818147
99.0 0.002768081
100.0 0.002719406
101.0 0.002672037
102.0 0.002625918
103.0 0.002580972
104.0 0.002537132
105.0 0.002494344
106.0 0.00245255
107.0 0.002411706
108.0 0.002371766
109.0 0.002332707
110.0 0.002294494
111.0 0.002257089
112.0 0.002220454
113.0 0.002184577
114.0 0.002149426
115.0 0.002114966
116.0 0.002081173
117.0 0.002048039
118.0 0.002015548
119.0 0.00198368
120.0 0.001952405
121.0 0.001921707
122.0 0.001891572
123.0 0.001861981
124.0 0.001832926
125.0 0.001804401
126.0 0.001776394
127.0 0.001748887
128.0 0.001721876
129.0 0.001695345
130.0 0.001669281
131.0 0.001643665
132.0 0.001618493
133.0 0.001593764
134.0 0.001569462
135.0 0.001545578
136.0 0.001522111
137.0 0.001499051
138.0 0.00147639
139.0 0.001454121
140.0 0.001432233
141.0 0.00141072
142.0 0.001389575
143.0 0.001368795
144.0 0.001348366
145.0 0.00132829
146.0 0.001308557
147.0 0.00128916
148.0 0.001270088
149.0 0.001251339
150.0 0.001232909
151.0 0.001214793
152.0 0.001196982
153.0 0.001179466
154.0 0.001162247
155.0 0.001145321
156.0 0.001128677
157.0 0.001112312
158.0 0.001096221
159.0 0.001080402
160.0 0.001064849
161.0 0.001049559
162.0 0.001034522
163.0 0.001019736
164.0 0.001005197
165.0 9.908995E-4
166.0 9.768384E-4
167.0 9.63015E-4
168.0 9.494255E-4
169.0 9.360592E-4
170.0 9.229187E-4
171.0 9.099948E-4
172.0 8.972824E-4
173.0 8.847869E-4
174.0 8.724978E-4
175.0 8.604108E-4
176.0 8.48524E-4
177.0 8.368329E-4
178.0 8.253348E-4
179.0 8.140283E-4
180.0 8.029082E-4
181.0 7.919725E-4
182.0 7.812202E-4
183.0 7.706449E-4
184.0 7.602427E-4
185.0 7.500114E-4
186.0 7.399472E-4
187.0 7.300472E-4
188.0 7.203064E-4
189.0 7.107234E-4
190.0 7.012957E-4
191.0 6.920191E-4
192.0 6.828946E-4
193.0 6.739177E-4
194.0 6.650838E-4
195.0 6.563926E-4
196.0 6.478421E-4
197.0 6.394277E-4
198.0 6.311475E-4
199.0 6.229997E-4
200.0 6.149809E-4
201.0 6.070905E-4
202.0 5.993266E-4
203.0 5.916852E-4
204.0 5.841648E-4
205.0 5.767634E-4
206.0 5.694788E-4
207.0 5.623076E-4
208.0 5.552488E-4
209.0 5.482991E-4
210.0 5.414576E-4
211.0 5.347224E-4
212.0 5.280917E-4
213.0 5.215633E-4
214.0 5.151374E-4
215.0 5.088119E-4
216.0 5.025853E-4
217.0 4.96455E-4
218.0 4.904196E-4
219.0 4.844779E-4
220.0 4.786285E-4
221.0 4.728679E-4
222.0 4.67194E-4
223.0 4.616058E-4
224.0 4.561022E-4
225.0 4.506814E-4
226.0 4.453426E-4
227.0 4.400853E-4
228.0 4.349072E-4
229.0 4.298065E-4
230.0 4.247819E-4
231.0 4.198329E-4
232.0 4.149579E-4
233.0 4.101558E-4
234.0 4.054254E-4
235.0 4.007655E-4
236.0 3.961746E-4
237.0 3.91651E-4
238.0 3.871933E-4
239.0 3.828009E-4
240.0 3.784724E-4
241.0 3.742076E-4
242.0 3.700048E-4
243.0 3.658634E-4
244.0 3.617827E-4
245.0 3.577608E-4
246.0 3.53796E-4
247.0 3.498872E-4
248.0 3.460345E-4
249.0 3.422367E-4
250.0 3.384931E-4
251.0 3.348023E-4
252.0 3.311639E-4
253.0 3.275767E-4
254.0 3.240398E-4
255.0 3.205519E-4
256.0 3.17112E-4
257.0 3.1372E-4
258.0 3.103749E-4
259.0 3.070766E-4
260.0 3.038243E-4
261.0 3.006156E-4
262.0 2.974514E-4
263.0 2.943301E-4
264.0 2.912506E-4
265.0 2.88212E-4
266.0 2.852145E-4
267.0 2.822577E-4
268.0 2.793411E-4
269.0 2.764636E-4
270.0 2.736245E-4
271.0 2.708229E-4
272.0 2.680581E-4
273.0 2.653297E-4
274.0 2.626368E-4
275.0 2.599791E-4
276.0 2.573562E-4
277.0 2.547677E-4
278.0 2.522125E-4
279.0 2.496901E-4
280.0 2.471999E-4
281.0 2.447414E-4
282.0 2.423148E-4
283.0 2.399191E-4
284.0 2.375539E-4
285.0 2.352184E-4
286.0 2.329124E-4
287.0 2.306356E-4
288.0 2.283874E-4
289.0 2.261673E-4
290.0 2.239751E-4
291.0 2.218103E-4
292.0 2.196724E-4
293.0 2.175611E-4
294.0 2.154759E-4
295.0 2.134161E-4
296.0 2.113814E-4
297.0 2.093717E-4
298.0 2.073866E-4
299.0 2.054254E-4
300.0 2.034877E-4
301.0 2.015734E-4
302.0 1.996821E-4
303.0 1.978136E-4
304.0 1.959674E-4
305.0 1.941431E-4
306.0 1.923403E-4
307.0 1.90559E-4
308.0 1.887985E-4
309.0 1.870586E-4
310.0 1.853394E-4
311.0 1.836404E-4
312.0 1.819613E-4
313.0 1.803015E-4
314.0 1.786607E-4
315.0 1.770388E-4
316.0 1.754358E-4
317.0 1.738512E-4
318.0 1.722846E-4
319.0 1.707358E-4
320.0 1.692046E-4
321.0 1.676906E-4
322.0 1.661936E-4
323.0 1.647135E-4
324.0 1.632498E-4
325.0 1.618024E-4
326.0 1.603712E-4
327.0 1.589559E-4
328.0 1.575565E-4
329.0 1.561724E-4
330.0 1.548036E-4
331.0 1.534499E-4
332.0 1.52111E-4
333.0 1.507869E-4
334.0 1.494771E-4
335.0 1.481815E-4
336.0 1.468999E-4
337.0 1.456323E-4
338.0 1.443782E-4
339.0 1.431374E-4
340.0 1.419099E-4
341.0 1.406957E-4
342.0 1.394944E-4
343.0 1.383057E-4
344.0 1.371293E-4
345.0 1.359653E-4
346.0 1.348137E-4
347.0 1.336741E-4
348.0 1.325463E-4
349.0 1.314304E-4
350.0 1.303263E-4
351.0 1.292336E-4
352.0 1.281522E-4
353.0 1.270818E-4
354.0 1.260223E-4
355.0 1.249738E-4
356.0 1.23936E-4
357.0 1.229087E-4
358.0 1.218918E-4
359.0 1.208851E-4
360.0 1.198885E-4
361.0 1.189019E-4
362.0 1.179251E-4
363.0 1.169579E-4
364.0 1.160005E-4
365.0 1.150524E-4
366.0 1.141138E-4
367.0 1.131845E-4
368.0 1.122642E-4
369.0 1.113531E-4
370.0 1.104507E-4
371.0 1.095572E-4
372.0 1.086723E-4
373.0 1.077958E-4
374.0 1.069277E-4
375.0 1.060679E-4
376.0 1.052165E-4
377.0 1.043733E-4
378.0 1.03538E-4
379.0 1.027107E-4
380.0 1.018913E-4
381.0 1.010796E-4
382.0 1.002755E-4
383.0 9.947908E-5
384.0 9.869022E-5
385.0 9.790878E-5
386.0 9.713467E-5
387.0 9.636771E-5
388.0 9.560786E-5
389.0 9.485504E-5
390.0 9.410921E-5
391.0 9.337027E-5
392.0 9.263808E-5
393.0 9.191262E-5
394.0 9.11938E-5
395.0 9.048154E-5
396.0 8.977579E-5
397.0 8.907655E-5
398.0 8.838368E-5
399.0 8.769715E-5
400.0 8.701687E-5
401.0 8.63428E-5
402.0 8.56748E-5
403.0 8.501279E-5
404.0 8.435684E-5
405.0 8.37068E-5
406.0 8.306256E-5
407.0 8.242407E-5
408.0 8.179128E-5
409.0 8.116414E-5
410.0 8.054258E-5
411.0 7.992647E-5
412.0 7.931579E-5
413.0 7.871061E-5
414.0 7.811081E-5
415.0 7.751632E-5
416.0 7.692705E-5
417.0 7.634293E-5
418.0 7.576392E-5
419.0 7.518996E-5
420.0 7.462098E-5
421.0 7.405694E-5
422.0 7.349785E-5
423.0 7.294364E-5
424.0 7.23942E-5
425.0 7.184948E-5
426.0 7.130946E-5
427.0 7.077413E-5
428.0 7.024346E-5
429.0 6.971737E-5
430.0 6.919578E-5
431.0 6.867867E-5
432.0 6.816599E-5
433.0 6.765768E-5
434.0 6.715365E-5
435.0 6.66539E-5
436.0 6.61584E-5
437.0 6.566711E-5
438.0 6.517996E-5
439.0 6.469693E-5
440.0 6.421798E-5
441.0 6.37431E-5
442.0 6.327228E-5
443.0 6.280543E-5
444.0 6.23425E-5
445.0 6.188343E-5
446.0 6.142821E-5
447.0 6.097681E-5
448.0 6.052917E-5
449.0 6.008526E-5
450.0 5.964506E-5
451.0 5.920849E-5
452.0 5.877553E-5
453.0 5.834614E-5
454.0 5.792032E-5
455.0 5.749802E-5
456.0 5.707924E-5
457.0 5.666389E-5
458.0 5.625195E-5
459.0 5.58434E-5
460.0 5.54382E-5
461.0 5.503631E-5
462.0 5.463772E-5
463.0 5.424238E-5
464.0 5.385026E-5
465.0 5.346132E-5
466.0 5.307552E-5
467.0 5.269287E-5
468.0 5.231332E-5
469.0 5.193683E-5
470.0 5.156334E-5
471.0 5.119287E-5
472.0 5.082535E-5
473.0 5.046079E-5
474.0 5.009914E-5
475.0 4.974039E-5
476.0 4.938449E-5
477.0 4.903141E-5
478.0 4.868117E-5
479.0 4.833373E-5
480.0 4.798905E-5
481.0 4.76471E-5
482.0 4.730785E-5
483.0 4.697129E-5
484.0 4.663742E-5
485.0 4.630618E-5
486.0 4.597753E-5
487.0 4.565148E-5
488.0 4.532798E-5
489.0 4.500704E-5
490.0 4.468862E-5
491.0 4.43727E-5
492.0 4.405922E-5
493.0 4.37482E-5
494.0 4.34396E-5
495.0 4.313342E-5
496.0 4.282963E-5
497.0 4.252822E-5
498.0 4.222913E-5
499.0 4.193236E-5
500.0 4.163789E-5
501.0 4.13457E-5
502.0 4.105581E-5
503.0 4.076818E-5
504.0 4.048278E-5
505.0 4.01996E-5
506.0 3.991862E-5
507.0 3.963983E-5
508.0 3.93632E-5
509.0 3.90887E-5
510.0 3.88163E-5
511.0 3.85453E-5
512.0 3.827782E-5
513.0 3.80113E-5
514.0 3.774784E-5
515.0 3.748516E-5
516.0 3.722484E-5
517.0 3.696686E-5
518.0 3.671101E-5
519.0 3.645698E-5
520.0 3.620464E-5
521.0 3.595406E-5
522.0 3.570537E-5
523.0 3.545867E-5
524.0 3.521403E-5
525.0 3.497142E-5
526.0 3.47307E-5
527.0 3.449175E-5
528.0 3.425445E-5
529.0 3.401878E-5
530.0 3.378481E-5
531.0 3.35526E-5
532.0 3.332221E-5
533.0 3.309366E-5
534.0 3.286691E-5
535.0 3.264189E-5
536.0 3.241854E-5
537.0 3.219678E-5
538.0 3.197657E-5
539.0 3.175797E-5
540.0 3.1541E-5
541.0 3.132571E-5
542.0 3.111208E-5
543.0 3.090009E-5
544.0 3.068969E-5
545.0 3.048084E-5
546.0 3.027348E-5
547.0 3.00676E-5
548.0 2.986322E-5
549.0 2.966035E-5
550.0 2.945901E-5
551.0 2.925918E-5
552.0 2.906085E-5
553.0 2.8864E-5
554.0 2.866858E-5
555.0 2.847457E-5
556.0 2.828196E-5
557.0 2.809077E-5
558.0 2.790099E-5
559.0 2.771261E-5
560.0 2.752561E-5
561.0 2.733999E-5
562.0 2.715572E-5
563.0 2.697278E-5
564.0 2.679117E-5
565.0 2.661086E-5
566.0 2.643188E-5
567.0 2.625419E-5
568.0 2.607781E-5
569.0 2.590273E-5
570.0 2.572893E-5
571.0 2.555638E-5
572.0 2.538507E-5
573.0 2.521499E-5
574.0 2.504612E-5
575.0 2.487848E-5
576.0 2.471206E-5
577.0 2.454685E-5
578.0 2.438284E-5
579.0 2.422002E-5
580.0 2.405836E-5
581.0 2.389786E-5
582.0 2.373849E-5
583.0 2.358028E-5
584.0 2.342319E-5
585.0 2.326723E-5
586.0 2.31124E-5
587.0 2.295868E-5
588.0 2.280606E-5
589.0 2.265454E-5
590.0 2.25041E-5
591.0 2.235475E-5
592.0 2.220646E-5
593.0 2.205921E-5
594.0 2.191302E-5
595.0 2.176786E-5
596.0 2.162373E-5
597.0 2.148063E-5
598.0 2.133855E-5
599.0 2.119749E-5
600.0 2.105744E-5
601.0 2.09184E-5
602.0 2.078035E-5
603.0 2.064328E-5
604.0 2.050718E-5
605.0 2.037205E-5
606.0 2.023788E-5
607.0 2.010466E-5
608.0 1.997239E-5
609.0 1.984106E-5
610.0 1.971065E-5
611.0 1.958117E-5
612.0 1.945261E-5
613.0 1.932495E-5
614.0 1.919819E-5
615.0 1.907233E-5
616.0 1.894735E-5
617.0 1.882325E-5
618.0 1.870003E-5
619.0 1.857767E-5
620.0 1.845619E-5
621.0 1.833556E-5
622.0 1.821578E-5
623.0 1.809683E-5
624.0 1.79787E-5
625.0 1.78614E-5
626.0 1.774491E-5
627.0 1.762924E-5
628.0 1.751437E-5
629.0 1.74003E-5
630.0 1.728703E-5
631.0 1.717455E-5
632.0 1.706285E-5
633.0 1.695192E-5
634.0 1.684176E-5
635.0 1.673237E-5
636.0 1.662374E-5
637.0 1.651587E-5
638.0 1.640875E-5
639.0 1.630237E-5
640.0 1.619673E-5
641.0 1.609181E-5
642.0 1.598762E-5
643.0 1.588415E-5
644.0 1.578139E-5
645.0 1.567934E-5
646.0 1.557799E-5
647.0 1.547734E-5
648.0 1.537738E-5
649.0 1.527811E-5
650.0 1.517952E-5
651.0 1.50806E-5
652.0 1.49829E-5
653.0 1.488859E-5
654.0 1.479206E-5
655.0 1.469636E-5
656.0 1.460165E-5
657.0 1.450792E-5
658.0 1.441752E-5
659.0 1.432371E-5
660.0 1.423051E-5
661.0 1.41382E-5
662.0 1.404688E-5
663.0 1.395652E-5
664.0 1.386703E-5
665.0 1.377831E-5
666.0 1.369032E-5
667.0 1.360301E-5
668.0 1.351635E-5
669.0 1.343023E-5
670.0 1.334454E-5
671.0 1.325919E-5
672.0 1.317417E-5
673.0 1.308958E-5
674.0 1.30055E-5
675.0 1.292203E-5
676.0 1.283919E-5
677.0 1.275703E-5
678.0 1.267554E-5
679.0 1.259472E-5
680.0 1.251456E-5
681.0 1.243502E-5
682.0 1.235608E-5
683.0 1.227771E-5
684.0 1.219984E-5
685.0 1.21224E-5
686.0 1.204533E-5
687.0 1.19686E-5
688.0 1.189224E-5
689.0 1.181631E-5
690.0 1.174089E-5
691.0 1.166601E-5
692.0 1.159172E-5
693.0 1.151803E-5
694.0 1.144493E-5
695.0 1.137241E-5
696.0 1.130047E-5
697.0 1.122907E-5
698.0 1.115819E-5
699.0 1.108779E-5
700.0 1.101784E-5
701.0 1.094826E-5
702.0 1.087901E-5
703.0 1.08101E-5
704.0 1.074153E-5
705.0 1.067337E-5
706.0 1.060566E-5
707.0 1.053843E-5
708.0 1.047172E-5
709.0 1.040553E-5
710.0 1.033987E-5
711.0 1.027471E-5
712.0 1.021007E-5
713.0 1.01459E-5
714.0 1.008219E-5
715.0 1.001891E-5
716.0 9.956006E-6
717.0 9.893446E-6
718.0 9.8312E-6
719.0 9.769268E-6
720.0 9.707671E-6
721.0 9.646441E-6
722.0 9.585618E-6
723.0 9.525228E-6
724.0 9.465286E-6
725.0 9.405799E-6
726.0 9.346772E-6
727.0 9.288195E-6
728.0 9.230058E-6
729.0 9.172343E-6
730.0 9.115029E-6
731.0 9.058089E-6
732.0 9.001491E-6
733.0 8.945207E-6
734.0 8.889217E-6
735.0 8.833521E-6
736.0 8.778134E-6
737.0 8.723081E-6
738.0 8.668392E-6
739.0 8.614084E-6
740.0 8.560173E-6
741.0 8.506666E-6
742.0 8.453561E-6
743.0 8.400853E-6
744.0 8.348534E-6
745.0 8.296587E-6
746.0 8.244994E-6
747.0 8.193729E-6
748.0 8.142769E-6
749.0 7.892018E-6
750.0 7.614618E-6
751.0 7.426228E-6
752.0 7.366442E-6
753.0 7.345422E-6
754.0 7.351661E-6
755.0 7.361853E-6
756.0 7.354316E-6
757.0 7.322796E-6
758.0 7.272672E-6
759.0 7.215147E-6
760.0 7.151619E-6
761.0 7.084727E-6
762.0 7.021907E-6
763.0 6.967553E-6
764.0 6.920531E-6
765.0 6.877984E-6
766.0 6.838384E-6
767.0 6.801146E-6
768.0 6.765609E-6
769.0 6.730472E-6
770.0 6.694123E-6
771.0 6.655591E-6
772.0 6.614967E-6
773.0 6.572949E-6
774.0 6.530287E-6
775.0 6.487557E-6
776.0 6.44512E-6
777.0 6.403168E-6
778.0 6.361785E-6
779.0 6.321033E-6
780.0 6.281058E-6
781.0 6.242059E-6
782.0 6.204017E-6
783.0 6.166639E-6
784.0 6.12958E-6
785.0 6.092654E-6
786.0 6.055888E-6
787.0 6.019373E-6
788.0 5.983149E-6
789.0 5.947208E-6
790.0 5.911511E-6
791.0 5.876014E-6
792.0 5.840684E-6
793.0 5.805505E-6
794.0 5.770482E-6
795.0 5.735631E-6
796.0 5.700983E-6
797.0 5.666572E-6
798.0 5.632437E-6
799.0 5.598618E-6
800.0 5.565137E-6
801.0 5.531973E-6
802.0 5.499069E-6
803.0 5.466358E-6
804.0 5.433793E-6
805.0 5.401363E-6
806.0 5.369093E-6
807.0 5.337025E-6
808.0 5.305205E-6
809.0 5.273669E-6
810.0 5.242441E-6
811.0 5.211531E-6
812.0 5.180935E-6
813.0 5.150639E-6
814.0 5.120616E-6
815.0 5.090836E-6
816.0 5.061269E-6
817.0 5.031885E-6
818.0 5.002646E-6
819.0 4.973512E-6
820.0 4.944438E-6
821.0 4.915396E-6
822.0 4.886397E-6
823.0 4.857486E-6
824.0 4.828725E-6
825.0 4.800178E-6
826.0 4.771897E-6
827.0 4.743919E-6
828.0 4.716266E-6
829.0 4.688947E-6
830.0 4.661951E-6
831.0 4.635259E-6
832.0 4.608832E-6
833.0 4.582623E-6
834.0 4.55658E-6
835.0 4.530639E-6
836.0 4.504739E-6
837.0 4.478825E-6
838.0 4.452875E-6
839.0 4.426914E-6
840.0 4.401003E-6
841.0 4.375216E-6
842.0 4.349621E-6
843.0 4.324272E-6
844.0 4.299205E-6
845.0 4.27444E-6
846.0 4.249985E-6
847.0 4.225829E-6
848.0 4.201953E-6
849.0 4.178324E-6
850.0 4.154899E-6
851.0 4.131629E-6
852.0 4.108457E-6
853.0 4.085316E-6
854.0 4.062142E-6
855.0 4.038898E-6
856.0 4.015601E-6
857.0 3.992316E-6
858.0 3.969122E-6
859.0 3.946093E-6
860.0 3.923288E-6
861.0 3.900744E-6
862.0 3.878485E-6
863.0 3.856518E-6
864.0 3.834838E-6
865.0 3.813426E-6
866.0 3.792249E-6
867.0 3.771262E-6
868.0 3.750416E-6
869.0 3.729653E-6
870.0 3.708909E-6
871.0 3.688112E-6
872.0 3.667219E-6
873.0 3.646241E-6
874.0 3.625246E-6
875.0 3.604318E-6
876.0 3.583537E-6
877.0 3.562963E-6
878.0 3.542636E-6
879.0 3.522578E-6
880.0 3.502798E-6
881.0 3.483294E-6
882.0 3.464049E-6
883.0 3.445029E-6
884.0 3.426191E-6
885.0 3.407485E-6
886.0 3.388854E-6
887.0 3.370237E-6
888.0 3.351559E-6
889.0 3.332769E-6
890.0 3.313871E-6
891.0 3.294927E-6
892.0 3.276026E-6
893.0 3.257248E-6
894.0 3.238656E-6
895.0 3.22029E-6
896.0 3.202175E-6
897.0 3.184324E-6
898.0 3.166734E-6
899.0 3.14939E-6
900.0 3.132262E-6
901.0 3.11531E-6
902.0 3.098483E-6
903.0 3.08173E-6
904.0 3.064994E-6
905.0 3.048202E-6
906.0 3.03129E-6
907.0 3.014248E-6
908.0 2.997135E-6
909.0 2.98004E-6
910.0 2.963049E-6
911.0 2.946223E-6
912.0 2.929607E-6
913.0 2.913225E-6
914.0 2.897091E-6
915.0 2.881205E-6
916.0 2.865555E-6
917.0 2.850113E-6
918.0 2.83484E-6
919.0 2.819684E-6
920.0 2.804593E-6
921.0 2.789511E-6
922.0 2.774374E-6
923.0 2.759125E-6
924.0 2.74375E-6
925.0 2.728297E-6
926.0 2.712846E-6
927.0 2.697477E-6
928.0 2.682251E-6
929.0 2.667216E-6
930.0 2.652388E-6
931.0 2.637781E-6
932.0 2.623399E-6
933.0 2.609234E-6
934.0 2.595264E-6
935.0 2.581469E-6
936.0 2.567787E-6
937.0 2.554144E-6
938.0 2.540506E-6
939.0 2.526846E-6
940.0 2.513061E-6
941.0 2.499155E-6
942.0 2.485178E-6
943.0 2.471194E-6
944.0 2.457283E-6
945.0 2.443505E-6
946.0 2.429898E-6
947.0 2.416488E-6
948.0 2.403284E-6
949.0 2.390288E-6
950.0 2.377492E-6
951.0 2.36487E-6
952.0 2.35239E-6
953.0 2.340004E-6
954.0 2.327663E-6
955.0 2.315315E-6
956.0 2.302908E-6
957.0 2.290405E-6
958.0 2.277808E-6
959.0 2.265159E-6
960.0 2.252523E-6
961.0 2.239958E-6
962.0 2.227513E-6
963.0 2.21522E-6
964.0 2.2031E-6
965.0 2.191164E-6
966.0 2.179411E-6
967.0 2.167831E-6
968.0 2.156402E-6
969.0 2.14509E-6
970.0 2.133852E-6
971.0 2.122642E-6
972.0 2.111408E-6
973.0 2.100106E-6
974.0 2.088715E-6
975.0 2.077255E-6
976.0 2.065774E-6
977.0 2.054327E-6
978.0 2.042965E-6
979.0 2.031726E-6
980.0 2.020634E-6
981.0 2.009705E-6
982.0 1.998943E-6
983.0 1.988342E-6
984.0 1.977886E-6
985.0 1.967548E-6
986.0 1.957292E-6
987.0 1.947074E-6
988.0 1.936853E-6
989.0 1.926586E-6
990.0 1.916251E-6
991.0 1.905854E-6
992.0 1.895427E-6
993.0 1.885015E-6
994.0 1.874661E-6
995.0 1.864401E-6
996.0 1.854262E-6
997.0 1.844259E-6
998.0 1.8344E-6
999.0 1.824686E-6
1000.0 1.815106E-6
