1.0 1.0
2.0 0.1708006
3.0 0.2535012
4.0 0.2144584
5.0 0.1175665
6.0 0.2493851
7.0 0.3818731
8.0 0.2079293
9.0 0.1445929
10.0 0.2267473
11.0 0.1709088
12.0 0.07587654
13.0 0.09116058
14.0 0.1130128
15.0 0.0784068
16.0 0.04034301
17.0 0.04403856
18.0 0.03892603
19.0 0.0240668
20.0 0.02233253
21.0 0.02472624
22.0 0.02128847
23.0 0.01536582
24.0 0.01261892
25.0 0.01167308
26.0 0.01058097
27.0 0.01082786
28.0 0.01118043
29.0 0.01080178
30.0 0.009943326
31.0 0.009079273
32.0 0.008550634
33.0 0.00833781
34.0 0.008259945
35.0 0.008157483
36.0 0.007952564
37.0 0.9872466
38.0 0.3008332
39.0 0.1014834
40.0 0.1917387
41.0 0.2761087
42.0 0.2527058
43.0 0.2067861
44.0 0.2366822
45.0 0.2316458
46.0 0.1520591
47.0 0.1228005
48.0 0.1524313
49.0 0.1379004
50.0 0.09036416
51.0 0.08351488
52.0 0.08002488
53.0 0.05875361
54.0 0.04793079
55.0 0.0546066
56.0 0.05188499
57.0 0.03950693
58.0 0.0333613
59.0 0.03236739
60.0 0.02911578
61.0 0.026048
62.0 0.02608041
63.0 0.02531391
64.0 0.0228793
65.0 0.02068487
66.0 0.0196782
67.0 0.01885652
68.0 0.01814109
69.0 0.01766142
70.0 0.01708541
71.0 0.01632859
72.0 0.01555999
73.0 0.01491775
74.0 0.01439211
75.0 0.0139279
76.0 0.01348342
77.0 0.01303931
78.0 0.01259549
79.0 0.01216062
80.0 0.01174755
81.0 0.01136146
82.0 0.01099895
83.0 0.01065345
84.0 0.01032058
85.0 0.009998454
86.0 0.009687379
87.0 0.009388643
88.0 0.009102923
89.0 0.008829726
90.0 0.008567916
91.0 0.008316353
92.0 0.008074149
93.0 0.00784102
94.0 0.007616787
95.0 0.007401161
96.0 0.007193883
97.0 0.006994577
98.0 0.006802764
99.0 0.006618081
100.0 0.00644012
101.0 0.006268605
102.0 0.006103256
103.0 0.005943823
104.0 0.005790075
105.0 0.005641732
106.0 0.005498537
107.0 0.005360275
108.0 0.005226713
109.0 0.005097665
110.0 0.004972951
111.0 0.00485237
112.0 0.004735777
113.0 0.004622986
114.0 0.00451381
115.0 0.004408094
116.0 0.004305682
117.0 0.004206439
118.0 0.00411024
119.0 0.00401697
120.0 0.003926488
121.0 0.003838705
122.0 0.003753488
123.0 0.003670721
124.0 0.003590333
125.0 0.003512224
126.0 0.003436289
127.0 0.003362462
128.0 0.003290667
129.0 0.003220817
130.0 0.003152529
131.0 0.003086689
132.0 0.003022401
133.0 0.002959296
134.0 0.002898069
135.0 0.002838565
136.0 0.002780594
137.0 0.002724
138.0 0.002668725
139.0 0.002614755
140.0 0.002562087
141.0 0.002510704
142.0 0.002460557
143.0 0.002411591
144.0 0.002363758
145.0 0.002317028
146.0 0.002271375
147.0 0.002226767
148.0 0.002183169
149.0 0.002140564
150.0 0.002098918
151.0 0.002058193
152.0 0.002018356
153.0 0.001979393
154.0 0.001941282
155.0 0.001903991
156.0 0.001867504
157.0 0.001831795
158.0 0.001796837
159.0 0.001762617
160.0 0.001729122
161.0 0.00169633
162.0 0.001664219
163.0 0.001632774
164.0 0.001601974
165.0 0.001571504
166.0 0.001542313
167.0 0.001513537
168.0 0.001484826
169.0 0.001457263
170.0 0.001429818
171.0 0.00140313
172.0 0.001377434
173.0 0.001351606
174.0 0.001326391
175.0 0.001301802
176.0 0.001277779
177.0 0.001254235
178.0 0.001231115
179.0 0.001208411
180.0 0.001186138
181.0 0.001164312
182.0 0.001142932
183.0 0.001121984
184.0 0.001101447
185.0 0.001081306
186.0 0.001061552
187.0 0.00104218
188.0 0.001023186
189.0 0.001004564
190.0 9.863056E-4
191.0 9.683997E-4
192.0 9.508386E-4
193.0 9.336159E-4
194.0 9.167257E-4
195.0 9.001611E-4
196.0 8.839177E-4
197.0 8.679859E-4
198.0 8.523589E-4
199.0 8.370305E-4
200.0 8.219938E-4
201.0 8.072434E-4
202.0 7.927763E-4
203.0 7.785867E-4
204.0 7.646682E-4
205.0 7.510163E-4
206.0 7.376238E-4
207.0 7.244853E-4
208.0 7.115962E-4
209.0 6.989531E-4
210.0 6.865502E-4
211.0 6.743825E-4
212.0 6.624449E-4
213.0 6.50733E-4
214.0 6.392418E-4
215.0 6.279668E-4
216.0 6.169042E-4
217.0 6.060498E-4
218.0 5.954003E-4
219.0 5.849515E-4
220.0 5.746982E-4
221.0 5.646384E-4
222.0 5.547682E-4
223.0 5.450845E-4
224.0 5.355822E-4
225.0 5.262582E-4
226.0 5.171099E-4
227.0 5.081345E-4
228.0 4.993281E-4
229.0 4.90686E-4
230.0 4.822047E-4
231.0 4.738809E-4
232.0 4.657121E-4
233.0 4.576962E-4
234.0 4.498292E-4
235.0 4.421088E-4
236.0 4.345324E-4
237.0 4.270973E-4
238.0 4.198005E-4
239.0 4.126393E-4
240.0 4.0561E-4
241.0 3.987104E-4
242.0 3.919384E-4
243.0 3.852923E-4
244.0 3.78769E-4
245.0 3.72366E-4
246.0 3.660813E-4
247.0 3.599116E-4
248.0 3.538551E-4
249.0 3.479103E-4
250.0 3.42075E-4
251.0 3.36347E-4
252.0 3.307245E-4
253.0 3.252049E-4
254.0 3.197869E-4
255.0 3.144683E-4
256.0 3.092475E-4
257.0 3.04123E-4
258.0 2.990928E-4
259.0 2.941551E-4
260.0 2.892736E-4
261.0 2.845613E-4
262.0 2.798639E-4
263.0 2.752755E-4
264.0 2.70782E-4
265.0 2.663809E-4
266.0 2.620544E-4
267.0 2.577932E-4
268.0 2.536057E-4
269.0 2.494966E-4
270.0 2.454639E-4
271.0 2.415067E-4
272.0 2.376222E-4
273.0 2.338059E-4
274.0 2.300548E-4
275.0 2.263705E-4
276.0 2.227552E-4
277.0 2.192081E-4
278.0 2.157265E-4
279.0 2.123075E-4
280.0 2.089487E-4
281.0 2.056487E-4
282.0 2.024062E-4
283.0 1.992214E-4
284.0 1.960946E-4
285.0 1.930253E-4
286.0 1.900118E-4
287.0 1.870524E-4
288.0 1.841454E-4
289.0 1.812893E-4
290.0 1.784833E-4
291.0 1.757264E-4
292.0 1.730186E-4
293.0 1.703593E-4
294.0 1.677477E-4
295.0 1.651831E-4
296.0 1.62664E-4
297.0 1.601893E-4
298.0 1.577582E-4
299.0 1.553698E-4
300.0 1.530235E-4
301.0 1.507187E-4
302.0 1.484547E-4
303.0 1.462306E-4
304.0 1.440455E-4
305.0 1.418984E-4
306.0 1.397888E-4
307.0 1.377159E-4
308.0 1.356792E-4
309.0 1.33678E-4
310.0 1.317117E-4
311.0 1.297795E-4
312.0 1.278807E-4
313.0 1.260148E-4
314.0 1.241814E-4
315.0 1.223798E-4
316.0 1.206093E-4
317.0 1.188694E-4
318.0 1.171595E-4
319.0 1.154792E-4
320.0 1.138278E-4
321.0 1.122048E-4
322.0 1.106097E-4
323.0 1.09042E-4
324.0 1.075008E-4
325.0 1.059859E-4
326.0 1.044968E-4
327.0 1.030332E-4
328.0 1.015945E-4
329.0 1.001802E-4
330.0 9.878986E-5
331.0 9.742289E-5
332.0 9.607902E-5
333.0 9.475788E-5
334.0 9.345912E-5
335.0 9.218221E-5
336.0 9.092665E-5
337.0 8.969194E-5
338.0 8.847786E-5
339.0 8.728405E-5
340.0 8.611019E-5
341.0 8.495575E-5
342.0 8.382039E-5
343.0 8.270377E-5
344.0 8.160562E-5
345.0 8.052558E-5
346.0 7.946339E-5
347.0 7.841873E-5
348.0 7.739124E-5
349.0 7.638059E-5
350.0 7.538644E-5
351.0 7.440847E-5
352.0 7.344643E-5
353.0 7.250007E-5
354.0 7.156919E-5
355.0 7.065338E-5
356.0 6.975233E-5
357.0 6.886587E-5
358.0 6.799378E-5
359.0 6.71358E-5
360.0 6.629153E-5
361.0 6.546075E-5
362.0 6.464318E-5
363.0 6.383872E-5
364.0 6.304703E-5
365.0 6.226792E-5
366.0 6.150124E-5
367.0 6.074663E-5
368.0 6.000394E-5
369.0 5.927305E-5
370.0 5.85536E-5
371.0 5.78454E-5
372.0 5.714821E-5
373.0 5.646191E-5
374.0 5.578622E-5
375.0 5.512102E-5
376.0 5.446613E-5
377.0 5.38214E-5
378.0 5.31867E-5
379.0 5.256177E-5
380.0 5.194647E-5
381.0 5.134057E-5
382.0 5.074387E-5
383.0 5.015628E-5
384.0 4.95776E-5
385.0 4.90077E-5
386.0 4.844638E-5
387.0 4.789355E-5
388.0 4.734909E-5
389.0 4.681288E-5
390.0 4.62847E-5
391.0 4.576441E-5
392.0 4.525185E-5
393.0 4.474684E-5
394.0 4.424927E-5
395.0 4.375902E-5
396.0 4.327598E-5
397.0 4.280004E-5
398.0 4.233105E-5
399.0 4.186889E-5
400.0 4.141344E-5
401.0 4.096456E-5
402.0 4.052218E-5
403.0 4.008611E-5
404.0 3.965624E-5
405.0 3.923259E-5
406.0 3.881498E-5
407.0 3.840328E-5
408.0 3.799743E-5
409.0 3.759737E-5
410.0 3.720306E-5
411.0 3.681435E-5
412.0 3.64311E-5
413.0 3.605319E-5
414.0 3.568053E-5
415.0 3.531304E-5
416.0 3.495067E-5
417.0 3.459331E-5
418.0 3.424086E-5
419.0 3.38932E-5
420.0 3.355028E-5
421.0 3.321203E-5
422.0 3.287838E-5
423.0 3.254923E-5
424.0 3.222455E-5
425.0 3.190428E-5
426.0 3.158832E-5
427.0 3.127661E-5
428.0 3.096911E-5
429.0 3.066574E-5
430.0 3.036639E-5
431.0 3.0071E-5
432.0 2.977952E-5
433.0 2.949184E-5
434.0 2.920795E-5
435.0 2.892778E-5
436.0 2.865125E-5
437.0 2.837831E-5
438.0 2.810891E-5
439.0 2.784297E-5
440.0 2.758046E-5
441.0 2.732132E-5
442.0 2.706546E-5
443.0 2.681287E-5
444.0 2.656348E-5
445.0 2.631726E-5
446.0 2.607413E-5
447.0 2.583406E-5
448.0 2.5597E-5
449.0 2.53629E-5
450.0 2.51317E-5
451.0 2.490331E-5
452.0 2.467772E-5
453.0 2.445488E-5
454.0 2.423474E-5
455.0 2.401725E-5
456.0 2.380237E-5
457.0 2.359011E-5
458.0 2.338038E-5
459.0 2.317316E-5
460.0 2.296841E-5
461.0 2.276606E-5
462.0 2.256608E-5
463.0 2.236846E-5
464.0 2.217316E-5
465.0 2.198015E-5
466.0 2.178938E-5
467.0 2.160081E-5
468.0 2.141439E-5
469.0 2.123013E-5
470.0 2.1048E-5
471.0 2.086795E-5
472.0 2.068995E-5
473.0 2.051397E-5
474.0 2.033997E-5
475.0 2.016792E-5
476.0 1.999782E-5
477.0 1.982963E-5
478.0 1.966329E-5
479.0 1.949876E-5
480.0 1.933603E-5
481.0 1.917509E-5
482.0 1.901592E-5
483.0 1.885849E-5
484.0 1.870277E-5
485.0 1.854871E-5
486.0 1.839632E-5
487.0 1.824559E-5
488.0 1.809648E-5
489.0 1.794894E-5
490.0 1.780297E-5
491.0 1.765856E-5
492.0 1.751568E-5
493.0 1.737429E-5
494.0 1.723437E-5
495.0 1.709589E-5
496.0 1.695884E-5
497.0 1.682322E-5
498.0 1.6689E-5
499.0 1.655615E-5
500.0 1.642466E-5
501.0 1.629453E-5
502.0 1.616572E-5
503.0 1.603822E-5
504.0 1.591201E-5
505.0 1.578708E-5
506.0 1.56634E-5
507.0 1.554097E-5
508.0 1.541975E-5
509.0 1.529973E-5
510.0 1.51809E-5
511.0 1.507604E-5
512.0 1.494974E-5
513.0 1.483654E-5
514.0 1.472583E-5
515.0 1.460293E-5
516.0 1.449733E-5
517.0 1.438819E-5
518.0 1.427525E-5
519.0 1.416351E-5
520.0 1.405468E-5
521.0 1.394828E-5
522.0 1.384538E-5
523.0 1.374445E-5
524.0 1.364178E-5
525.0 1.353611E-5
526.0 1.343008E-5
527.0 1.332658E-5
528.0 1.322582E-5
529.0 1.312764E-5
530.0 1.303211E-5
531.0 1.293812E-5
532.0 1.284337E-5
533.0 1.274699E-5
534.0 1.264994E-5
535.0 1.255407E-5
536.0 1.246006E-5
537.0 1.236789E-5
538.0 1.227756E-5
539.0 1.218886E-5
540.0 1.210083E-5
541.0 1.201249E-5
542.0 1.19237E-5
543.0 1.183512E-5
544.0 1.174757E-5
545.0 1.166133E-5
546.0 1.157646E-5
547.0 1.149292E-5
548.0 1.141042E-5
549.0 1.13284E-5
550.0 1.124647E-5
551.0 1.116465E-5
552.0 1.108331E-5
553.0 1.100285E-5
554.0 1.09234E-5
555.0 1.084501E-5
556.0 1.076758E-5
557.0 1.069089E-5
558.0 1.061466E-5
559.0 1.053873E-5
560.0 1.046317E-5
561.0 1.038817E-5
562.0 1.03139E-5
563.0 1.024047E-5
564.0 1.016786E-5
565.0 1.0096E-5
566.0 1.002474E-5
567.0 9.953935E-6
568.0 9.883533E-6
569.0 9.813577E-6
570.0 9.744172E-6
571.0 9.675416E-6
572.0 9.607346E-6
573.0 9.539944E-6
574.0 9.473153E-6
575.0 9.406886E-6
576.0 9.341071E-6
577.0 9.275691E-6
578.0 9.210777E-6
579.0 9.146384E-6
580.0 9.082561E-6
581.0 9.019324E-6
582.0 8.956654E-6
583.0 8.89451E-6
584.0 8.832843E-6
585.0 8.771621E-6
586.0 8.710838E-6
587.0 8.650511E-6
588.0 8.590669E-6
589.0 8.53133E-6
590.0 8.4725E-6
591.0 8.414168E-6
592.0 8.356303E-6
593.0 8.298878E-6
594.0 8.241874E-6
595.0 8.185289E-6
596.0 8.129132E-6
597.0 8.073415E-6
598.0 8.018148E-6
599.0 7.963332E-6
600.0 7.908953E-6
601.0 7.854999E-6
602.0 7.801452E-6
603.0 7.748305E-6
604.0 7.695554E-6
605.0 7.643203E-6
606.0 7.59126E-6
607.0 7.539733E-6
608.0 7.488615E-6
609.0 7.437892E-6
610.0 7.387553E-6
611.0 7.337592E-6
612.0 7.288002E-6
613.0 7.238778E-6
614.0 7.189925E-6
615.0 7.141444E-6
616.0 7.093336E-6
617.0 7.045599E-6
618.0 6.998224E-6
619.0 6.951204E-6
620.0 6.904534E-6
621.0 6.858211E-6
622.0 6.812234E-6
623.0 6.766601E-6
624.0 6.72131E-6
625.0 6.676359E-6
626.0 6.631746E-6
627.0 6.587466E-6
628.0 6.543513E-6
629.0 6.499885E-6
630.0 6.456579E-6
631.0 6.413593E-6
632.0 6.370925E-6
633.0 6.328571E-6
634.0 6.286531E-6
635.0 6.244802E-6
636.0 6.203379E-6
637.0 6.16226E-6
638.0 6.12144E-6
639.0 6.080917E-6
640.0 6.040689E-6
641.0 6.000755E-6
642.0 5.961112E-6
643.0 5.921762E-6
644.0 5.882698E-6
645.0 5.843919E-6
646.0 5.805423E-6
647.0 5.767206E-6
648.0 5.729266E-6
649.0 5.691601E-6
650.0 5.654209E-6
651.0 5.634395E-6
652.0 5.632099E-6
653.0 5.609274E-6
654.0 5.521318E-6
655.0 5.474166E-6
656.0 5.445628E-6
657.0 5.419192E-6
658.0 5.468744E-6
659.0 5.339138E-6
660.0 5.290015E-6
661.0 5.274796E-6
662.0 5.274036E-6
663.0 5.267294E-6
664.0 5.229301E-6
665.0 5.165461E-6
666.0 5.102451E-6
667.0 5.057983E-6
668.0 5.025092E-6
669.0 4.995012E-6
670.0 4.967024E-6
671.0 4.942122E-6
672.0 4.916688E-6
673.0 4.886224E-6
674.0 4.85079E-6
675.0 4.813582E-6
676.0 4.777677E-6
677.0 4.74406E-6
678.0 4.712342E-6
679.0 4.681958E-6
680.0 4.652607E-6
681.0 4.623686E-6
682.0 4.594424E-6
683.0 4.564493E-6
684.0 4.534193E-6
685.0 4.504042E-6
686.0 4.474463E-6
687.0 4.44561E-6
688.0 4.417521E-6
689.0 4.390143E-6
690.0 4.36316E-6
691.0 4.336079E-6
692.0 4.308526E-6
693.0 4.280416E-6
694.0 4.251973E-6
695.0 4.223593E-6
696.0 4.195615E-6
697.0 4.168148E-6
698.0 4.141184E-6
699.0 4.114694E-6
700.0 4.088621E-6
701.0 4.06288E-6
702.0 4.037387E-6
703.0 4.012138E-6
704.0 3.98714E-6
705.0 3.962329E-6
706.0 3.93755E-6
707.0 3.912648E-6
708.0 3.88754E-6
709.0 3.862272E-6
710.0 3.837006E-6
711.0 3.811957E-6
712.0 3.78726E-6
713.0 3.762931E-6
714.0 3.738943E-6
715.0 3.715264E-6
716.0 3.691866E-6
717.0 3.668711E-6
718.0 3.645776E-6
719.0 3.62306E-6
720.0 3.600547E-6
721.0 3.578168E-6
722.0 3.555834E-6
723.0 3.533446E-6
724.0 3.510964E-6
725.0 3.48842E-6
726.0 3.465919E-6
727.0 3.443587E-6
728.0 3.421517E-6
729.0 3.399734E-6
730.0 3.378227E-6
731.0 3.356978E-6
732.0 3.33596E-6
733.0 3.315158E-6
734.0 3.294558E-6
735.0 3.274151E-6
736.0 3.253908E-6
737.0 3.233766E-6
738.0 3.213654E-6
739.0 3.193506E-6
740.0 3.173303E-6
741.0 3.153086E-6
742.0 3.132938E-6
743.0 3.112953E-6
744.0 3.093189E-6
745.0 3.073664E-6
746.0 3.05437E-6
747.0 3.035294E-6
748.0 3.016421E-6
749.0 3.05481E-6
750.0 3.024958E-6
751.0 2.874487E-6
752.0 2.874912E-6
753.0 2.93357E-6
754.0 2.941494E-6
755.0 2.865451E-6
756.0 2.757759E-6
757.0 2.702628E-6
758.0 2.713168E-6
759.0 2.710883E-6
760.0 2.671802E-6
761.0 2.615184E-6
762.0 2.578614E-6
763.0 2.568141E-6
764.0 2.557019E-6
765.0 2.531071E-6
766.0 2.4932E-6
767.0 2.455486E-6
768.0 2.426324E-6
769.0 2.404033E-6
770.0 2.38444E-6
771.0 2.366769E-6
772.0 2.351672E-6
773.0 2.338042E-6
774.0 2.324182E-6
775.0 2.309441E-6
776.0 2.293775E-6
777.0 2.277281E-6
778.0 2.260135E-6
779.0 2.243061E-6
780.0 2.226971E-6
781.0 2.212295E-6
782.0 2.198957E-6
783.0 2.187064E-6
784.0 2.176654E-6
785.0 2.166636E-6
786.0 2.155534E-6
787.0 2.142764E-6
788.0 2.128671E-6
789.0 2.114236E-6
790.0 2.100416E-6
791.0 2.08731E-6
792.0 2.074663E-6
793.0 2.062454E-6
794.0 2.050789E-6
795.0 2.039525E-6
796.0 2.028295E-6
797.0 2.01683E-6
798.0 2.005081E-6
799.0 1.993254E-6
800.0 1.981624E-6
801.0 1.970244E-6
802.0 1.959073E-6
803.0 1.94809E-6
804.0 1.937359E-6
805.0 1.926956E-6
806.0 1.916746E-6
807.0 1.906518E-6
808.0 1.896074E-6
809.0 1.885358E-6
810.0 1.874466E-6
811.0 1.863564E-6
812.0 1.852796E-6
813.0 1.842208E-6
814.0 1.831803E-6
815.0 1.821584E-6
816.0 1.81155E-6
817.0 1.801669E-6
818.0 1.791885E-6
819.0 1.782164E-6
820.0 1.772499E-6
821.0 1.762898E-6
822.0 1.753372E-6
823.0 1.743936E-6
824.0 1.734581E-6
825.0 1.72526E-6
826.0 1.715903E-6
827.0 1.706459E-6
828.0 1.696933E-6
829.0 1.687395E-6
830.0 1.677935E-6
831.0 1.668618E-6
832.0 1.659452E-6
833.0 1.65043E-6
834.0 1.641545E-6
835.0 1.63278E-6
836.0 1.624105E-6
837.0 1.615491E-6
838.0 1.606923E-6
839.0 1.598402E-6
840.0 1.589922E-6
841.0 1.581461E-6
842.0 1.572989E-6
843.0 1.564479E-6
844.0 1.555922E-6
845.0 1.547341E-6
846.0 1.538787E-6
847.0 1.530321E-6
848.0 1.52197E-6
849.0 1.513739E-6
850.0 1.50563E-6
851.0 1.497635E-6
852.0 1.489736E-6
853.0 1.481906E-6
854.0 1.474127E-6
855.0 1.466392E-6
856.0 1.458702E-6
857.0 1.451056E-6
858.0 1.443435E-6
859.0 1.435803E-6
860.0 1.428128E-6
861.0 1.420393E-6
862.0 1.412619E-6
863.0 1.404862E-6
864.0 1.397191E-6
865.0 1.389635E-6
866.0 1.382196E-6
867.0 1.374876E-6
868.0 1.367666E-6
869.0 1.360545E-6
870.0 1.353485E-6
871.0 1.346462E-6
872.0 1.339467E-6
873.0 1.33251E-6
874.0 1.325596E-6
875.0 1.318707E-6
876.0 1.311807E-6
877.0 1.304858E-6
878.0 1.297841E-6
879.0 1.290772E-6
880.0 1.283714E-6
881.0 1.27674E-6
882.0 1.26988E-6
883.0 1.263132E-6
884.0 1.256498E-6
885.0 1.249971E-6
886.0 1.243532E-6
887.0 1.23715E-6
888.0 1.230793E-6
889.0 1.224453E-6
890.0 1.218133E-6
891.0 1.211843E-6
892.0 1.205576E-6
893.0 1.199311E-6
894.0 1.193013E-6
895.0 1.18666E-6
896.0 1.180256E-6
897.0 1.173847E-6
898.0 1.167505E-6
899.0 1.161266E-6
900.0 1.155132E-6
901.0 1.149107E-6
902.0 1.143184E-6
903.0 1.137345E-6
904.0 1.131559E-6
905.0 1.125797E-6
906.0 1.120045E-6
907.0 1.11431E-6
908.0 1.108604E-6
909.0 1.102925E-6
910.0 1.097249E-6
911.0 1.091536E-6
912.0 1.085758E-6
913.0 1.079919E-6
914.0 1.074068E-6
915.0 1.068283E-6
916.0 1.0626E-6
917.0 1.057016E-6
918.0 1.051532E-6
919.0 1.046145E-6
920.0 1.040844E-6
921.0 1.035597E-6
922.0 1.030366E-6
923.0 1.025136E-6
924.0 1.019908E-6
925.0 1.014689E-6
926.0 1.009484E-6
927.0 1.004286E-6
928.0 9.990788E-7
929.0 1.022175E-6
930.0 1.01981E-6
931.0 1.005147E-6
932.0 9.872949E-7
933.0 9.991126E-7
934.0 1.021151E-6
935.0 1.008875E-6
936.0 9.838373E-7
937.0 9.872642E-7
938.0 1.001903E-6
939.0 9.858225E-7
940.0 9.897516E-7
941.0 9.996868E-7
942.0 1.008361E-6
943.0 9.806333E-7
944.0 9.739723E-7
945.0 9.765419E-7
946.0 9.821827E-7
947.0 9.86594E-7
948.0 9.876417E-7
949.0 9.851747E-7
950.0 9.801317E-7
951.0 9.737166E-7
952.0 9.669754E-7
953.0 9.606855E-7
954.0 9.552791E-7
955.0 9.508175E-7
956.0 9.470412E-7
957.0 9.435594E-7
958.0 9.400339E-7
959.0 9.362701E-7
960.0 9.321928E-7
961.0 9.278188E-7
962.0 9.232224E-7
963.0 9.185037E-7
964.0 9.137594E-7
965.0 9.090694E-7
966.0 9.044808E-7
967.0 9.000116E-7
968.0 8.956555E-7
969.0 8.913895E-7
970.0 8.871853E-7
971.0 8.830144E-7
972.0 8.788533E-7
973.0 8.746882E-7
974.0 8.705097E-7
975.0 8.66314E-7
976.0 8.621008E-7
977.0 8.578658E-7
978.0 8.536046E-7
979.0 8.493186E-7
980.0 8.450147E-7
981.0 8.407107E-7
982.0 8.364309E-7
983.0 8.321951E-7
984.0 8.280169E-7
985.0 8.239043E-7
986.0 8.198568E-7
987.0 8.158693E-7
988.0 8.119289E-7
989.0 8.080199E-7
990.0 8.041226E-7
991.0 8.002189E-7
992.0 7.962975E-7
993.0 7.923523E-7
994.0 7.883841E-7
995.0 7.843963E-7
996.0 7.804007E-7
997.0 7.7641E-7
998.0 7.724393E-7
999.0 7.685066E-7
1000.0 7.646246E-7
